Date,LLETNQ.JO,PAETNC.JO,PAETNQ.JO
2025-01-02,0.5305162628190945,0.6709924410437431,0.6776817828639645
2025-01-03,0.5298040656253395,0.6715680441227448,0.6782940722996291
2025-01-06,0.5320251144864171,0.6615346360264407,0.674485588180443
2025-01-07,0.5238691776496289,0.6605307022538799,0.6693308761867294
2025-01-08,0.526792794834032,0.6277227926712463,0.6277227926712463
2025-01-09,0.5331141984027118,0.6296705272078271,0.6312113196887599
2025-01-10,0.5339134886101868,0.641924750447914,0.6347581264397235
2025-01-13,0.5291248734701389,0.6247252129280287,0.618590431786346
2025-01-14,0.49892866501898603,0.627899926522349,0.6258446076139289
2025-01-15,0.5083245868576486,0.6431232121174704,0.6477536992447162
2025-01-16,0.507360334115342,0.6450282296527365,0.6465750599396736
2025-01-17,0.5098795629308249,0.6593270210312392,0.6655324518174155
2025-01-20,0.49562380237195086,0.6515096587083743,0.6639390957584546
2025-01-21,0.5030280110448581,0.6745030590941351,0.6879723982158307
2025-01-22,0.5081880503209882,0.6704970908826915,0.6850167494632912
2025-01-23,0.5101618015703661,0.6857403302326545,0.6976527377820133
2025-01-24,0.5321247611927901,0.6889068859539829,0.7086344380762521
2025-01-27,0.5306074274776647,0.6912265036870545,0.6984107435175063
2025-01-28,0.5439612638288743,0.6864637920995372,0.6941252183506481
2025-01-29,0.5408987240337791,0.6842137705726438,0.6914052065996836
2025-01-30,0.551173767233884,0.6893553595826606,0.704363847141142
2025-01-31,0.5613070287424345,0.6874202101541784,0.6972404988706669
2025-02-03,0.5534302868854575,0.6726862535557379,0.6742350323436637
2025-02-04,0.549983991076316,0.6739240454033733,0.6816702987988142
2025-02-05,0.5701083360899768,0.6755499503804168,0.6869211048627192
2025-02-06,0.5877540029413592,0.6882159206247281,0.7011620440375335
2025-02-07,0.60151632239604,0.7163892311869504,0.7377973641888929
2025-02-10,0.5957844057627457,0.7242766411605208,0.7436815909961032
2025-02-11,0.5955004302293857,0.725618585909463,0.7445067052823774
2025-02-12,0.601429834057664,0.718577906082809,0.7332214150859522
2025-02-13,0.5961817340727996,0.7240463431241586,0.7370407139627113
2025-02-14,0.5939154812584363,0.6946319177655488,0.7174748208908732
2025-02-17,0.5759550433651119,0.7211102298117649,0.739773039497763
2025-02-18,0.585832192775082,0.7408444278545063,0.760026543901124
2025-02-19,0.5890374733610915,0.7539264843899884,0.7674079758577599
2025-02-20,0.595992108815284,0.7221472328937805,0.7429135084622572
2025-02-21,0.598354136233436,0.7200004158847167,0.7433939312022707
2025-02-24,0.5983479151396058,0.6934805549923841,0.713754724141337
2025-02-25,0.6194056198209799,0.6780752216984071,0.698843222362983
2025-02-26,0.6159281399902611,0.6905233058090985,0.7091720972638078
2025-02-27,0.6272856299273779,0.6987682202906959,0.7153438934184219
2025-02-28,0.6155091703600677,0.6912801137602109,0.7068494856917472
2025-03-03,0.6276474842442401,0.7035850811034198,0.7154664738092777
2025-03-04,0.6180476060921836,0.666300492282105,0.6781070495413409
2025-03-05,0.6157547583366465,0.6463386039493939,0.6651986420772548
2025-03-06,0.6145242891867069,0.6358372703145695,0.6612098668953584
2025-03-07,0.6040745821267083,0.6320174770106184,0.656404003454758
2025-03-10,0.5577411231682528,0.6133635379901093,0.6361181622354143
2025-03-11,0.5439357964198035,0.6220730053587001,0.6452621125276632
2025-03-12,0.5394953689557233,0.6271571048584639,0.6466931488596459
2025-03-13,0.5309397633811846,0.6180940264267754,0.6376286026266491
2025-03-14,0.54003310857189,0.6288609843743691,0.6540961763637096
2025-03-17,0.5512221541701045,0.639802390147853,0.6686542384377483
2025-03-18,0.5444452893316097,0.6382277646820267,0.6661090411375561
2025-03-19,0.5562100856057886,0.6512714456911415,0.6795875955037998
2025-03-20,0.5658582014009799,0.661517593229947,0.6878365793416205
2025-03-24,0.5690767745541385,0.6508815608962959,0.6778110868350186
2025-03-25,0.5757113821138211,0.660569105691057,0.6885162601626017
2025-03-26,0.5631757219973694,0.6591542715532782,0.6840375992159212
2025-03-27,0.5497914759434442,0.6296409317465161,0.6520191231817719
2025-03-28,0.549470099372252,0.6099575571199837,0.6307977736549165
2025-03-31,0.5358037308939675,0.5919644618941851,0.6091668479663237
2025-04-01,0.5397735879543136,0.5958211728588307,0.6134938347656604
2025-04-02,0.5316493610223643,0.6130191693290734,0.619508785942492
2025-04-03,0.5125960509678047,0.5670654605583114,0.5738741367571247
2025-04-04,0.4649605357569959,0.5371920593159532,0.532886869170055
2025-04-07,0.44273294273294267,0.5310905310905311,0.5159705159705159
2025-04-08,0.4665820046093787,0.5606509571515922,0.5446592352194158
2025-04-09,0.4255811799573956,0.5418171714365101,0.5181994998610725
2025-04-10,0.4442581726739313,0.5811679240011176,0.5639377852286486
2025-04-11,0.43958573072497115,0.5532796317606443,0.5454545454545454
2025-04-14,0.45947700296735905,0.5726075667655786,0.5758531157270029
2025-04-15,0.4685895640810231,0.5852702324278914,0.5843367870811165
2025-04-16,0.4565592501049293,0.5768782353215501,0.5815417618803339
2025-04-17,0.5114671399878555,0.5633144939044328,0.56798542668971
2025-04-22,0.5044330377974802,0.5380307979468035,0.5482967802146523
2025-04-23,0.5095211161387632,0.5674962292609351,0.5538273001508296
2025-04-24,0.5278785879247774,0.582080407220625,0.5877362492341047
2025-04-25,0.5373974208675264,0.5922626025791324,0.5988276670574443
2025-04-29,0.5540297376645517,0.6184297755469268,0.6316886068756511
2025-04-30,0.555897533027132,0.6188739997158956,0.6292911596193002
2025-05-02,0.5117677949109658,0.6282522556929393,0.6483028595980332
2025-05-05,0.5254294375210509,0.6346533224269835,0.6582302843670307
2025-05-06,0.5086056855540515,0.6333397795397409,0.6589634500096693
2025-05-07,0.49461430710525045,0.6259962324300826,0.6506303434284887
2025-05-08,0.476051827049061,0.6240597855097783,0.6512350172271559
2025-05-09,0.4862228724701293,0.6276517922457938,0.6520360887588393
2025-05-12,0.4808352122340947,0.6514067248308989,0.674933830016665
2025-05-13,0.48809231524674696,0.6702676160078567,0.6849987724036337
2025-05-14,0.4707148798747369,0.6478445955864364,0.6737779517541713
2025-05-15,0.46283103228025346,0.650027023043286,0.6814720188669975
2025-05-16,0.4892512972572276,0.6567828020756116,0.6869285890783297
2025-05-19,0.48790123456790124,0.654320987654321,0.6869135802469135
2025-05-20,0.490210583419638,0.6509838733540464,0.6879715934309809
2025-05-21,0.47835316186997084,0.6141087031643382,0.650639285185368
2025-05-22,0.4659974411967326,0.6214939474461175,0.6554472984942428
2025-05-23,0.46460067990343396,0.6207813962654579,0.6582253535005173
2025-05-26,0.4743608689227132,0.6319885719915276,0.6709029111866411
2025-05-27,0.46829652220965123,0.6301342909144572,0.6680112155049437
2025-05-28,0.46793419367549993,0.631957442616491,0.6684070534922668
2025-05-29,0.4720435428005938,0.6185056902523504,0.6580900544285007
2025-05-30,0.47715385374518904,0.6454159676305141,0.6774893910983915
2025-06-02,0.47974465995580656,0.6442425730419837,0.684507733857108
2025-06-03,0.4861656200941915,0.6544348508634222,0.693190737833595
2025-06-04,0.5015504257518334,0.6531476103755476,0.6969532903479845
2025-06-05,0.4977085694574484,0.655891194007786,0.7012270240969792
2025-06-06,0.5002710828527773,0.6663709399181822,0.7107299521908423
2025-06-09,0.5041975308641975,0.6587654320987655,0.705679012345679
2025-06-10,0.5173351797813937,0.6498837726890548,0.696374697067115
2025-06-11,0.5342946027356673,0.6533010715520221,0.6987309268678089
2025-06-12,0.5221983180129083,0.6478584001564639,0.6918638763935067
2025-06-13,0.5227019970020792,0.6498718630627145,0.6885547120545428
2025-06-17,0.512621359223301,0.6621359223300971,0.7004854368932039
2025-06-18,0.503165933587897,0.6602542413843104,0.6974720866160762
2025-06-19,0.49411310557807375,0.6519011773788844,0.6832657788071801
2025-06-20,0.4855446691442637,0.6602635262319609,0.695979535691877
2025-06-23,0.4927675988428159,0.665380906460945,0.7005785920925747
2025-06-24,0.49303634687242204,0.6653079050807977,0.7123792885912554
2025-06-25,0.5035168566577736,0.66553480475382,0.710162503031773
2025-06-26,0.5085565116503915,0.6690515324373973,0.715459731219182
2025-06-27,0.49812662119319817,0.6552022288404266,0.6984340474589297
2025-06-30,0.4945503433043645,0.6558793873337494,0.700052816056081
2025-07-01,0.5007704160246533,0.6394453004622496,0.6890408320493066
2025-07-02,0.4935240021185421,0.6379700515190909,0.6856372478212721
2025-07-03,0.49753408761241663,0.6493569287302969,0.7035102988105599
2025-07-04,0.49869401180226375,0.6476734062106995,0.6950759407952017
2025-07-07,0.48757032264268885,0.6520171178535366,0.6972159446073952
2025-07-08,0.5023269203089766,0.6611332341793408,0.702873866525932
2025-07-09,0.4986335522846047,0.6602100014383661,0.7057582586182097
2025-07-10,0.5049243334134037,0.6394427095844343,0.6836416046120586
2025-07-11,0.4945844915173009,0.6196683600115019,0.6560912489216908
2025-07-14,0.5019138755980862,0.6162679425837321,0.6535885167464116
2025-07-15,0.4944791166586654,0.6250600096015363,0.6639462313970236
2025-07-16,0.5027664180899687,0.6317055568919894,0.6692326196776521
2025-07-17,0.5017834763327871,0.6381953147594718,0.6791670683505255
2025-07-18,0.4961721097005523,0.6391123170849888,0.6856284523694156
2025-07-21,0.48843187660668375,0.6514041810156667,0.6974826599408255
2025-07-22,0.4982033602020005,0.640477809070603,0.6909779547441002
2025-07-23,0.5057080398348311,0.6412436239980568,0.6932232207918386
2025-07-24,0.5154789012160265,0.6477399350806649,0.6990940361416598
2025-07-25,0.5141784218381397,0.664869288912426,0.7106061335515864
2025-07-28,0.5180277497719525,0.6610975082817225,0.7028661961688032
2025-07-29,0.49544556364162134,0.6790688707889536,0.7200347004674924
2025-07-30,0.49339079068416214,0.5965235074807534,0.6318694620636228
2025-07-31,0.48817069040592187,0.57719289757608,0.6047704291450965
2025-08-01,0.48076461265068915,0.5657749387637481,0.5950722827914124
2025-08-04,0.48142987555854516,0.5621486570893192,0.5948205448517754
2025-08-05,0.4893893460372456,0.5634955006977528,0.5889995669120832
2025-08-06,0.48366834170854267,0.5575956706609972,0.5948009277155005
2025-08-07,0.4080941085346372,0.5494505494505494,0.5872101466815124
2025-08-08,0.4043975203409531,0.5506586594343278,0.5898876404494382
2025-08-11,0.416505230530802,0.5564703603254553,0.5947307245253778
2025-08-12,0.4085404406400467,0.5636885365497787,0.6069743689509265
2025-08-13,0.4210166845545907,0.5717630988389111,0.6205483461801151
2025-08-14,0.4344010530934621,0.5767636877772903,0.6221052118375506
2025-08-15,0.44525725432821267,0.5696171665447453,0.615459643989271
2025-08-18,0.45366138286492275,0.5747349995137606,0.6180103082757951
2025-08-19,0.45635692068429234,0.5997278382581649,0.6449261275272161
2025-08-20,0.4415193316495046,0.5988925587721002,0.6430930639207305
2025-08-21,0.4577892130685956,0.5878926161464149,0.6301276761007816
2025-08-22,0.4627236822858257,0.6031498366570773,0.6553220537325076
2025-08-25,0.4534140270388989,0.5969056566938357,0.6452242666796818
2025-08-26,0.4644475851649691,0.6057800087723574,0.6525659145182514
2025-08-27,0.47424485626732815,0.61189746583005,0.6542146991585193
2025-08-28,0.4714230171073095,0.6177099533437014,0.6633942457231725
2025-08-29,0.46950629235237173,0.6185866408518877,0.6640851887705712
2025-09-01,0.46507111995727946,0.6165347832419049,0.66556628962571
2025-09-02,0.46695437133297774,0.617271977888765,0.663821946370557
2025-09-03,0.4737354085603113,0.622568093385214,0.6707198443579767
2025-09-04,0.47363068429463895,0.6218218799941886,0.6634703859751078
2025-09-05,0.4648910411622276,0.6237288135593221,0.6736077481840194
2025-09-08,0.46529700325416484,0.6377191704308126,0.691145757443295
2025-09-09,0.4813589019760538,0.6341867030078848,0.6886985301275188
2025-09-10,0.4833130328867235,0.6460414129110841,0.702557856272838
2025-09-11,0.4886502318769832,0.6458384183548938,0.704417866731755
2025-09-12,0.4881997939257151,0.6407928953437024,0.700652568568765
2025-09-15,0.487721021611002,0.6478388998035364,0.7087426326129667
2025-09-16,0.4904312074788312,0.6421614213694875,0.7038324115314962
2025-09-17,0.4984666309691866,0.6508299664119166,0.712651511463759
2025-09-18,0.4930332261521972,0.6620871090324466,0.7254214167397447
2025-09-19,0.4863965550988452,0.6635349383440986,0.7271481698962614
2025-09-22,0.49067713444553485,0.6648675171736997,0.7291462217860648
2025-09-23,0.48433746752291773,0.6559145056130202,0.7230746605225746
2025-09-25,0.47006238027408026,0.649835453607741,0.7102509946461023
2025-09-26,0.46846581133559456,0.6508381261367546,0.7127758934277146
2025-09-29,0.4719167611815178,0.6597958479214951,0.7263671778687312
2025-09-30,0.4759553668411178,0.6620914387281525,0.7282512096376024
2025-10-01,0.5238684145436557,0.6519910957209993,0.7222359633935197
2025-10-02,0.5339998020389983,0.6691081856874196,0.7349302187469068
2025-10-03,0.5500098833761613,0.6720695789681755,0.7407590432891875
2025-10-06,0.5574550319607551,0.6808384123680689,0.7521926564590455
2025-10-07,0.5505545332471279,0.6878201621325907,0.7599343512209679
2025-10-08,0.5621346125018737,0.6985459451356617,0.7744965772248038
2025-10-09,0.5654139261399839,0.701374151502837,0.7771305870371207
2025-10-10,0.5710332242069958,0.7043912906153021,0.7755824388483077
2025-10-13,0.5465243841627605,0.6936272065423357,0.7624414081978658
2025-10-14,0.5315185534747404,0.685013163777259,0.7476031990462471
2025-10-15,0.5403257846642829,0.683849821215733,0.7508939213349225
2025-10-16,0.5431927442137087,0.6770084749962829,0.745898795658423
2025-10-17,0.5186098102045846,0.6660093665269904,0.7296031550406704
2025-10-20,0.5260032658716414,0.6843485575733584,0.7556039388391311
2025-10-21,0.5302616553299241,0.6990715456034954,0.762127004617447
2025-10-22,0.5271233419124925,0.6924371411601663,0.7562858839833696
2025-10-23,0.5372023809523809,0.7033730158730158,0.7738095238095238
2025-10-24,0.5460513228565744,0.7022080763875074,0.7753133081360651
2025-10-27,0.5381814554341863,0.7122549753104893,0.7855753404159809
2025-10-28,0.5419554270329561,0.717953831579997,0.7957321633344968
2025-10-29,0.5445646238396065,0.7063809748057452,0.7855357223371692
2025-10-30,0.5526962071535395,0.7217562234593281,0.7937817925363504
2025-10-31,0.5584668363527474,0.7231621500224585,0.7925338124469731
2025-11-03,0.5819864670616695,0.7167148316396292,0.7863328341538909
2025-11-04,0.5882939973055237,0.7150341799311412,0.7769073399530961
2025-11-05,0.6144722416027111,0.7056712847602911,0.7709558457091598
2025-11-06,0.6066057062909108,0.6910508169689702,0.7580072952580822
2025-11-07,0.6024878852974972,0.6854173952140681,0.753359644302343
2025-11-10,0.639835399207106,0.6970442113715061,0.7723189642194008
2025-11-11,0.6519200177201425,0.7083022895229657,0.7868347395340407
2025-11-12,0.6773296455375484,0.7025654743578744,0.7828154100065109
2025-11-13,0.6856940438236931,0.6740549567329589,0.7540104245736552
2025-11-14,0.6791248401614998,0.6589877062797652,0.7319848166010532
2025-11-17,0.6772725669335778,0.6742490286883387,0.7508453309010648
2025-11-18,0.6831287295814832,0.6585160032950915,0.7298426794719817
2025-11-19,0.6913403958992201,0.6541337127744622,0.7255303209327816
2025-11-20,0.6987546348541029,0.6438416895050783,0.7153796550056424
2025-11-21,0.702130967486321,0.6083463311149339,0.6660213748727388
2025-11-24,0.7016788204183027,0.603013061944066,0.662613190159468
2025-11-25,0.7222900310916224,0.5957134748780696,0.6569926012989166
2025-11-26,0.7362117552334944,0.6068840579710145,0.6748188405797102
2025-11-27,0.7311427565037991,0.6098726915916067,0.6767976651738539
2025-11-28,0.7117993461319524,0.6155830155507755,0.6856043241936216
2025-12-01,0.7176261893243026,0.6092767295597484,0.6798298661506209
2025-12-02,0.7054167547808222,0.6193166369596085,0.6898079614915963
2025-12-03,0.6869188721657054,0.6129971487335247,0.6844045278312774
2025-12-04,0.6802309762070321,0.6308512460823734,0.7079440900525037
2025-12-05,0.6846854141258748,0.6421772287699448,0.7226391510508126
2025-12-08,0.6708351264460927,0.6384325241120927,0.7158949953168114
2025-12-09,0.670453628218581,0.6366534829284043,0.7103075308741625
2025-12-10,0.6591475025633514,0.6313673396200684,0.7081416081178686
2025-12-11,0.6605493467732569,0.6150987036466566,0.6933748112535792
2025-12-12,0.6777793502213776,0.6176333825283545,0.6990073388189151
2025-12-15,0.7025523875131064,0.6058058078339403,0.6878631162529188
2025-12-17,0.7102157102157102,0.6033781033781034,0.6883394383394383
2025-12-18,0.7193145894103453,0.599174289975921,0.6801162713745375
2025-12-19,0.719981262156685,0.6049064635375827,0.6884120696151613
2025-12-22,0.7277366675172239,0.606787445776984,0.6925236029599389
2025-12-23,0.7288926947621668,0.6065610536832018,0.6921932024384774
2025-12-29,0.7253954731649586,0.6075569680305666,0.6937678224362474
2025-12-30,0.7327167748198865,0.6085534719738388,0.6949057278626539
2026-01-02,0.7263735414573835,0.5852201014862324,0.6764031630734358
2026-01-05,0.7322739907895283,0.5927685350371323,0.6876737335601377
2026-01-06,0.7293034110562396,0.5907357629555541,0.6886707924402492
2026-01-07,0.7619742534007401,0.6155209256267264,0.7140251211757961
2026-01-08,0.7662097843897111,0.6226429816120056,0.7178340138885276
2026-01-09,0.755738156206662,0.6154980859827452,0.710030281467015
2026-01-12,0.7358846783698929,0.6070657445942986,0.705635697969146
2026-01-13,0.7367838419282745,0.607807506736011,0.7132861290389957
2026-01-14,0.739562124788678,0.6181336655169346,0.7196729805976164
2026-01-15,0.7253450900120716,0.6229990027817142,0.724820238282685
2026-01-16,0.7222742432691196,0.6060159710459037,0.7049144107652003
2026-01-19,0.7146752238931185,0.6024664946831938,0.6999937079217265
2026-01-20,0.7125444361502764,0.5982241200206716,0.6947960765685113
2026-01-21,0.7324764281463074,0.5894268619937142,0.691232210168005
2026-01-22,0.7535136784832906,0.5840783401651205,0.6872128939240066
2026-01-23,0.751097880246601,0.5879993243813868,0.6935647327083863
2026-01-26,0.7406470916695639,0.5773465238050086,0.6900765932340888
2026-01-27,0.7379743839255187,0.588591115903532,0.7022065591878599
2026-01-28,0.7078696594231861,0.5853335296716241,0.7026105980604581
2026-01-29,0.7242839405291253,0.5603251583873672,0.681304453948276
2026-01-30,0.7146812943379309,0.5601413539386588,0.6698488884200533
2026-02-02,0.7244397280855669,0.5631612679533922,0.6703300167057168
2026-02-03,0.7285791384035811,0.5470957364628197,0.6539751743404691
2026-02-04,0.757591822885741,0.5163711934854525,0.6171006870811773
2026-02-05,0.7195380639320361,0.5216256191343436,0.6174236642225883
2026-02-06,0.73152658878431,0.4976693100421994,0.5912122215390436
2026-02-09,0.7527880060349648,0.5043204861733892,0.604024013251601
2026-02-10,0.7288914204944014,0.5332194110852676,0.6376481384788215
2026-02-11,0.7174617609271488,0.5292403999175209,0.63445402587515
2026-02-12,0.7116607361605322,0.5223441319807184,0.6305250486548976
2026-02-13,0.7371137012394274,0.5413590962574463,0.6458319043071289
2026-02-16,0.7347418088719148,0.5379643049839722,0.6421717465590386
2026-02-17,0.7431591383784469,0.5195257283908944,0.6165741893288889
2026-02-18,0.709818719159828,0.4786658574557353,0.5683827215874608
2026-02-19,0.7050305882104974,0.4821397520273581,0.5685560573087644
2026-02-20,0.7114903851225197,0.4941930992289111,0.587019124270841
2026-02-23,0.7308463740811498,0.4646510618705645,0.555146883715515
2026-02-24,0.7288730338211953,0.46821996782978453,0.5595281701730078
2026-02-25,0.7415073403892113,0.4555735745988392,0.5473284397405258
2026-02-26,0.7181730871838652,0.4775370824885284,0.5735780599722549
2026-02-27,0.7234409793622213,0.4666673769670882,0.5577634060325815
2026-03-02,0.739574386868976,0.4787352482743264,0.5678022712090848
2026-03-03,0.700314061083827,0.49796598022890626,0.5727926142950488
2026-03-04,0.6978895148406626,0.5055494828890944,0.5891070377533003
2026-03-05,0.6802934517179894,0.5302210300092554,0.610747695316381
2026-03-06,0.6664002449695604,0.531459385396285,0.6056768581615865
2026-03-09,0.6803250211305217,0.5398005693573729,0.6217299545240058
2026-03-10,0.694619588062211,0.5233291298865069,0.6163303909205549
2026-03-11,0.6955092234007241,0.5400734499891986,0.6307004094020201
2026-03-12,0.6819834001893237,0.5548960027614052,0.6333450135193796
2026-03-13,0.684015101228012,0.552812811151676,0.6269706272817789
2026-03-16,0.6768374083828106,0.5480149392508558,0.6243734189379418
2026-03-17,0.660088323875015,0.554494998621565,0.6366809365035606
2026-03-18,0.6263253677328371,0.555811915736425,0.630473217850273
2026-03-19,0.6234266328269386,0.5575318277056767,0.6301190739720668
2026-03-20,0.62157390108198,0.5450961874063276,0.611821709405219
2026-03-23,0.6214798990095164,0.5330621173247744,0.6102360192576995
2026-03-24,0.6051914235729687,0.5182269416981976,0.581288905162944
2026-03-25,0.6162142325609843,0.5163151510209074,0.584103813494531
2026-03-26,0.6094490031591638,0.5173703140341149,0.5809605689547288
2026-03-27,0.5961312299768847,0.48207550995579707,0.5383429984995337
2026-03-30,0.5962581757339147,0.5136135476347412,0.5714140850783349
2026-03-31,0.6136406459268011,0.5168840295566001,0.5790119621732555
2026-04-01,0.6325583299641243,0.5209905986274098,0.5941749361556217
2026-04-02,0.6393600261881867,0.5252981975162142,0.5938375923235878
2026-04-07,0.6202297412975616,0.5289893330736227,0.5987011056492164
2026-04-08,0.6520124064193348,0.5652505961627381,0.6598053833884903
2026-04-09,0.6551528081330753,0.5403967430142246,0.6280286472868015
2026-04-10,0.648535455876148,0.4891363799740586,0.570919565976111
2026-04-13,0.6428701039479483,0.5132591958939264,0.5946548461518522
2026-04-14,0.6418738357280366,0.5147444179807698,0.6029566670298936
2026-04-15,0.6276334952085287,0.5182770398088594,0.6048293054569389
2026-04-16,0.6223378346166999,0.5337285342674446,0.6223378346166999
2026-04-17,0.6365758754863813,0.5307392996108949,0.6282749675745785
2026-04-20,0.6363702480025766,0.5407848393230059,0.6322143606686823
2026-04-21,0.6107337626284902,0.5676658762239323,0.6605472216024367
2026-04-22,0.6288428566248647,0.5749716399123557,0.668728276690857
2026-04-23,0.6310046380652642,0.5554290210369388,0.6449809508033791
2026-04-24,0.5978787941316055,0.5628004869694405,0.6499803974165859
2026-04-28,0.5973918870161332,0.5870831400443276,0.6767692386990362
2026-04-29,0.5806172661574255,0.582676192633161,0.6665774465193848
2026-04-30,0.6267654916303566,0.5705762462519219,0.6528168690330852
2026-05-04,0.6490353903155743,0.6009965504024531,0.6888974064136962
2026-05-05,0.6639542847796531,0.5908630894574896,0.6782658475000767
2026-05-06,0.6798078961108786,0.5841695228937587,0.6823927170086386
2026-05-07,0.6734567483592948,0.6292188630343025,0.7379920163628131
2026-05-08,0.6617807351735162,0.6488046423269768,0.7572847785240472
2026-05-11,0.6752208448545478,0.6684893487018568,0.7818891685048829
2026-05-12,0.673576199275325,0.6916414613248547,0.8015814846548502
2026-05-13,0.6895336970092576,0.6983406638380761,0.8128312326127162
2026-05-14,0.6933688160753454,0.7614582575340187,0.8862022724201378
2026-05-15,0.6935243458098708,0.7732278900298113,0.8870900960582975
2026-05-18,0.6773675596697833,0.7904342483646633,0.9102126583062713
2026-05-19,0.6912156716880541,0.8007356435848161,0.9154216518918026
2026-05-20,0.7030897580147566,0.7907167263809025,0.9177499053732441
2026-05-21,0.7155327409646403,0.8077754905281809,0.9349349871016495
2026-05-22,0.7342412492030478,0.830920701945086,0.9667945274203831
2026-05-25,0.7466602302421005,0.8526513521738674,1.001143864583224
2026-05-26,0.7483196964680782,0.8276710125963647,0.9685064610889523
2026-05-27,0.7587668330029393,0.8092461233482492,0.9470125199156574
2026-05-28,0.759392486011191,0.8093525179856116,0.9471370272203291
2026-05-29,0.7704493848022389,0.871838200348524,1.0286740243966837
2026-06-01,0.7562275230908159,0.9458124957092537,1.1079366923495335
2026-06-02,0.7466438069838448,0.9514284655967066,1.123405246085544
2026-06-03,0.7587494117709264,0.9025681156048581,1.0601341955405628
2026-06-04,0.7910237835894292,0.8782690538382631,1.0337242626452765
2026-06-05,0.8121414888732922,0.9007963102707666,1.048554345933224
2026-06-08,0.8133757459449512,0.877520439548884,1.0184284550067035
2026-06-09,0.8050564486020623,0.8476492456868221,0.9864702139630758
2026-06-10,0.8019737669194988,0.8622134685496375,0.9994552235678666
2026-06-11,0.8103115290956419,0.8717146695776303,1.0123645982030396
2026-06-12,0.8070192149952108,0.9086242571454275,1.0647361708658125
2026-06-15,0.7971284232916777,0.9189045466631215,1.086944961446424
2026-06-17,0.787958755865797,0.9060727624844377,1.0715387807655063
2026-06-18,0.7699946365890831,0.9319590256647179,1.0886131069018072
2026-06-19,0.7757853236678112,0.940586714146424,1.094260036457671
2026-06-22,0.7756756613166299,0.9520621815612332,1.1119788761203468
2026-06-23,0.7778977088440004,0.956553641975637,1.1102190130323124
2026-06-24,0.7803914698434439,0.9523961203395498,1.0989186003917883
2026-06-25,0.8043580031493383,0.9639528450440483,1.121951738519811
2026-06-26,0.8439133283962983,0.9781722670048003,1.1401354310404535
2026-06-29,0.86476393704988,1.078154174446519,1.255801547079221
2026-06-30,0.8485943152730946,1.106699513180465,1.2948010238707228
2026-07-01,0.8431486818116202,1.1692873602549227,1.3671091816057785
2026-07-02,0.8736105304906154,1.1582038996259016,1.3656194059448392
2026-07-03,0.8605805691664741,1.1343527627325585,1.3398163736210542
2026-07-06,0.8590352290670791,1.1996313801150051,1.4141207284015151
2026-07-07,0.8843834376162067,1.1382192688881345,1.3424735789774351
2026-07-08,0.8804167627917957,1.0628309610545685,1.2393435234911931
2026-07-09,0.86247921334196,1.0865206208994809,1.2747367914489973
2026-07-10,0.8442842066353454,1.0794623581029321,1.2685691632693514
2026-07-13,0.8433780100562787,1.082201243380152,1.2647992760336064
2026-07-14,0.8157773910072288,1.1457187703543934,1.343790375108112
2026-07-15,0.8091583470509011,1.1667058597173825,1.3714004745922141
2026-07-16,0.8344938346699107,1.1717061770684936,1.3675241037461516
2026-07-17,0.8322003653821644,1.1938649785444193,1.3855843990313124
2026-07-20,0.8283452199015113,1.180697062319579,1.3717311937510612
2026-07-21,0.8214994493186982,1.111471729032876,1.2945001037515496
2026-07-22,0.8214230541808941,1.0989596373379926,1.2832737597417472
2026-07-23,0.8336833598290099,1.080385578553921,1.2377645801542954
2026-07-24,0.8319563563878616,1.076927112020353,1.227476591391927
2026-07-27,0.8326433938733376,1.067397478489609,1.2225028558253597
2026-07-28,0.8520075920430356,1.035516919559997,1.1865188804882396
2026-07-29,0.8497335403466073,1.0438084847467584,1.192249590869036
2026-07-30,0.807358147646212,1.0342798911616082,1.200794226102304
2026-07-31,0.7889494515198183,1.059641635085912,1.227313104129764
2026-08-03,0.7804729150110782,1.0936093846210522,1.2704393909890375
2026-08-04,0.7871564763668403,1.1707106039262858,1.3685548925573616
2026-08-05,0.8139682674179677,1.1931493210752644,1.4039231469909124
2026-08-06,0.8286076526850177,1.1697054252051626,1.374470184447427
2026-08-07,0.8386794262452311,1.170634497751444,1.388563268611863
2026-08-11,0.8675513336863443,1.2489102121810196,1.4799719730641892
2026-08-12,0.8652690756158269,1.2466741052270192,1.4827053471804996
2026-08-13,0.8727128210911864,1.2873185428649685,1.5289928625517586
2026-08-14,0.8392867670309293,1.2600020365834705,1.4942091356846943
2026-08-17,0.8453622561506379,1.2234522607966591,1.4498790432400392
2026-08-18,0.8575159218695871,1.199669571242039,1.417645961574333
2026-08-19,0.9001000702620989,1.1369685098047566,1.3546745587327274
2026-08-20,0.890954974100146,1.1539381059901712,1.3738876344800104
2026-08-21,0.8937993668254933,1.127242493044674,1.3494931406095105
2026-08-24,0.8763200975828973,1.135257171593961,1.3610246204217893
2026-08-25,0.8904304193761089,1.1080792756474518,1.3343054267472219
2026-08-26,0.869808298121687,1.093980152458364,1.3154640948725393
2026-08-27,0.847457627118644,1.2055837563451777,1.448636324528951
2026-08-28,0.8365663752904372,1.1826762611546655,1.4091233492704862
2026-08-31,0.8199135636517484,1.2178206686767314,1.4481033808715398
2026-09-01,0.8318453494712756,1.1734579319340939,1.3990612336544528
2026-09-02,0.8344670230201493,1.0883420993433526,1.302582670080233
2026-09-03,0.822912638047355,1.0635554982596362,1.2746551501869279
2026-09-04,0.8162474155754651,1.0757667126119916,1.2943659545141282
