Date,Adj Close,Close,High,Low,Open,Volume
2025-01-02,50.61763000488281,51.56999969482422,53.25,51.04999923706055,52.54999923706055,8702107
2025-01-03,49.135520935058594,50.060001373291016,51.720001220703125,50.029998779296875,51.59000015258789,7251957
2025-01-06,49.400535583496094,50.33000183105469,50.54999923706055,49.81999969482422,50.040000915527344,4895247
2025-01-07,49.74406814575195,50.68000030517578,50.68000030517578,49.88999938964844,50.33000183105469,4102614
2025-01-08,49.6164665222168,50.54999923706055,51.11000061035156,49.70000076293945,50.4900016784668,6049891
2025-01-09,50.88264846801758,51.84000015258789,52.38999938964844,50.15999984741211,50.18000030517578,8001529
2025-01-10,51.71694564819336,52.689998626708984,54.09000015258789,51.4900016784668,51.75,13309286
2025-01-13,51.03969192504883,52.0,53.06999969482422,51.709999084472656,52.02000045776367,5947428
2025-01-14,53.55241394042969,54.560001373291016,54.97999954223633,51.15999984741211,51.95000076293945,12837383
2025-01-15,53.22850799560547,54.22999954223633,55.25,53.630001068115234,54.459999084472656,9390509
2025-01-16,58.54841613769531,59.650001525878906,59.650001525878906,59.11000061035156,59.650001525878906,23658161
2025-01-17,61.394859313964844,62.54999923706055,63.279998779296875,59.0,59.650001525878906,41765037
2025-01-20,60.76667785644531,61.90999984741211,65.87999725341797,61.400001525878906,63.029998779296875,28079114
2025-01-21,63.79961395263672,65.0,65.66000366210938,61.25,62.68000030517578,27387000
2025-01-22,62.35675811767578,63.529998779296875,66.0,63.0,65.87999725341797,16282936
2025-01-23,61.041507720947266,62.189998626708984,64.29000091552734,61.70000076293945,63.9900016784668,16808056
2025-01-24,62.2487907409668,63.41999816894531,63.88999938964844,61.20000076293945,62.47999954223633,14657657
2025-01-27,60.94335174560547,62.09000015258789,63.47999954223633,62.09000015258789,62.52000045776367,8927648
2025-02-05,62.209529876708984,63.380001068115234,64.94999694824219,62.13999938964844,63.58000183105469,14848100
2025-02-06,65.90010070800781,67.13999938964844,68.81999969482422,62.81999969482422,63.029998779296875,24345960
2025-02-07,64.90874481201172,66.12999725341797,68.5,65.56999969482422,66.4800033569336,17193772
2025-02-10,63.94683837890625,65.1500015258789,66.12999725341797,63.97999954223633,65.80000305175781,11503039
2025-02-11,64.849853515625,66.06999969482422,66.30000305175781,64.1500015258789,64.19000244140625,9852556
2025-02-12,64.48668670654297,65.69999694824219,66.70999908447266,64.51000213623047,64.95999908447266,9294583
2025-02-13,61.7874755859375,62.95000076293945,65.88999938964844,62.84000015258789,65.68000030517578,14166588
2025-02-14,67.97113037109375,69.25,69.25,63.0,63.0,22858554
2025-02-17,69.24712371826172,70.55000305175781,72.0999984741211,68.94999694824219,71.9800033569336,31768018
2025-02-18,70.41514587402344,71.73999786376953,75.48999786376953,69.30000305175781,69.80000305175781,28204576
2025-02-19,77.4527359008789,78.91000366210938,78.91000366210938,70.98999786376953,71.73999786376953,32478496
2025-02-20,80.79975128173828,82.31999969482422,86.80000305175781,78.18000030517578,79.2699966430664,32346662
2025-02-21,83.03765106201172,84.5999984741211,85.72000122070312,80.44999694824219,81.43000030517578,23711245
2025-02-24,80.4954833984375,82.01000213623047,85.05999755859375,80.66000366210938,82.5,22242509
2025-02-25,79.21949005126953,80.70999908447266,82.69999694824219,78.0999984741211,78.5,15651055
2025-02-26,81.8990707397461,83.44000244140625,87.22000122070312,82.5,82.5,30653772
2025-02-27,81.17273712158203,82.69999694824219,83.9800033569336,80.0,82.30000305175781,19853971
2025-02-28,77.93368530273438,79.4000015258789,81.5,77.1500015258789,81.05000305175781,21352952
2025-03-03,78.52259826660156,80.0,82.88999938964844,77.01000213623047,79.5,16376621
2025-03-04,78.76798248291016,80.25,82.0,79.3499984741211,79.72000122070312,16695574
2025-03-05,83.28302764892578,84.8499984741211,87.16999816894531,83.30000305175781,83.30000305175781,20696924
2025-03-06,85.07923889160156,86.68000030517578,88.80000305175781,83.88999938964844,85.7300033569336,17322123
2025-03-07,93.24559020996094,95.0,95.3499984741211,86.05999755859375,86.75,20352207
2025-03-10,92.90204620361328,94.6500015258789,99.47000122070312,90.5999984741211,96.04000091552734,17001465
2025-03-11,92.0383071899414,93.7699966430664,94.25,88.22000122070312,91.0999984741211,21876287
2025-03-12,87.14045715332031,88.77999877929688,92.0,88.5,92.0,17955604
2025-03-13,83.21431732177734,84.77999877929688,88.87999725341797,84.72000122070312,87.5,20101608
2025-03-14,86.09021759033203,87.70999908447266,88.5,83.11000061035156,83.11000061035156,25815632
2025-03-17,85.47184753417969,87.08000183105469,87.75,84.66000366210938,85.9000015258789,13718024
2025-03-18,85.47184753417969,87.08000183105469,88.4000015258789,85.19999694824219,87.62999725341797,10906540
2025-03-19,85.59944915771484,87.20999908447266,88.75,85.81999969482422,86.68000030517578,11781342
2025-03-20,84.65718078613281,86.25,87.5,83.5,86.97000122070312,13972020
2025-03-21,81.76166534423828,83.30000305175781,85.5,82.9000015258789,85.0,17956824
2025-03-24,84.68661499023438,86.27999877929688,87.0,83.30000305175781,84.04000091552734,15363408
2025-03-25,81.0745849609375,82.5999984741211,86.5999984741211,82.22000122070312,84.19000244140625,12809216
2025-03-26,81.3690414428711,82.9000015258789,83.9800033569336,82.1500015258789,82.45999908447266,7991883
2025-03-27,80.87828063964844,82.4000015258789,83.80999755859375,81.80000305175781,82.1500015258789,5307800
2025-03-28,79.82804107666016,81.33000183105469,82.9800033569336,81.12999725341797,82.5199966430664,7942621
2025-03-31,78.07109832763672,79.54000091552734,81.62999725341797,78.55000305175781,80.25,15204288
2025-04-01,78.42444610595703,79.9000015258789,80.9000015258789,78.87000274658203,80.66000366210938,9088928
2025-04-02,78.4048080444336,79.87999725341797,81.0,79.56999969482422,79.69000244140625,5781380
2025-04-03,77.2466049194336,78.69999694824219,79.9000015258789,77.25,78.01000213623047,6368263
2025-04-07,69.5219497680664,70.83000183105469,72.83000183105469,70.83000183105469,70.83000183105469,11260125
2025-04-08,69.5710220336914,70.87999725341797,72.97000122070312,67.47000122070312,72.97000122070312,21470622
2025-04-09,70.04216003417969,71.36000061035156,72.0,68.0,69.5,19603781
2025-04-10,72.8297119140625,74.19999694824219,76.4000015258789,73.37999725341797,75.0,16513205
2025-04-11,74.203857421875,75.5999984741211,77.4800033569336,73.3499984741211,74.08000183105469,10560476
2025-04-14,71.68131256103516,73.02999877929688,76.95999908447266,72.9800033569336,76.26000213623047,12709065
2025-04-15,68.84468078613281,70.13999938964844,74.0,68.91000366210938,74.0,21595785
2025-04-16,67.0877456665039,68.3499984741211,69.9800033569336,67.08999633789062,69.62000274658203,15726753
2025-04-17,67.23497772216797,68.5,69.11000061035156,67.0,67.83000183105469,8412179
2025-04-18,67.45091247558594,68.72000122070312,69.45999908447266,67.86000061035156,68.12000274658203,5241900
2025-04-21,70.86663818359375,72.19999694824219,73.0999984741211,67.86000061035156,68.5,11585089
2025-04-22,69.03118896484375,70.33000183105469,72.19999694824219,69.68000030517578,72.19999694824219,10316486
2025-04-23,72.98675537109375,74.36000061035156,75.18000030517578,71.68000030517578,71.94999694824219,19303532
2025-04-24,71.18073272705078,72.5199966430664,74.62999725341797,71.68000030517578,74.0,12383464
2025-04-25,70.47403717041016,71.80000305175781,72.80000305175781,70.80999755859375,72.5199966430664,7374862
2025-04-28,69.85566711425781,71.16999816894531,72.98999786376953,70.93000030517578,72.0,5771380
2025-04-29,72.34876251220703,73.70999908447266,74.22000122070312,69.69000244140625,69.88999938964844,11196400
2025-04-30,73.04563903808594,74.41999816894531,75.5999984741211,73.05000305175781,73.5999984741211,11820365
2025-05-06,76.51045989990234,77.94999694824219,78.5,73.19999694824219,75.0,17668176
2025-05-07,77.73736572265625,79.19999694824219,81.58999633789062,76.76000213623047,80.0999984741211,13286699
2025-05-08,76.67732238769531,78.12000274658203,79.29000091552734,77.0199966430664,78.25,8243518
2025-05-09,74.69462585449219,76.0999984741211,77.79000091552734,75.69999694824219,77.79000091552734,8036187
2025-05-12,75.34243774414062,76.76000213623047,77.98999786376953,75.54000091552734,77.2699966430664,10919217
2025-05-13,73.78179168701172,75.16999816894531,77.5,74.5,77.5,10412262
2025-05-14,73.3401107788086,74.72000122070312,75.70999908447266,74.12000274658203,74.98999786376953,6612325
2025-05-15,72.0052261352539,73.36000061035156,74.38999938964844,72.44000244140625,74.38999938964844,7630366
2025-05-16,72.8297119140625,74.19999694824219,75.87999725341797,73.0199966430664,73.0999984741211,8283417
2025-05-19,69.19804382324219,70.5,74.18000030517578,69.30000305175781,74.18000030517578,20092183
2025-05-20,69.34528350830078,70.6500015258789,71.5,69.80000305175781,70.5,11139669
2025-05-21,69.6200942993164,70.93000030517578,71.33000183105469,69.8499984741211,70.66999816894531,7037600
2025-05-22,69.17841339111328,70.4800033569336,71.22000122070312,70.30000305175781,70.8499984741211,4979912
2025-05-23,68.50115966796875,69.79000091552734,71.30000305175781,69.7699966430664,70.72000122070312,5554603
2025-05-26,67.97113037109375,69.25,70.01000213623047,68.69999694824219,69.37000274658203,5005597
2025-05-27,66.14547729492188,67.38999938964844,69.29000091552734,67.25,69.0999984741211,7197769
2025-05-28,66.30252075195312,67.55000305175781,68.29000091552734,67.16999816894531,67.4800033569336,4278633
2025-05-29,66.8718032836914,68.12999725341797,69.41999816894531,67.48999786376953,67.5199966430664,6810069
2025-05-30,66.86199951171875,68.12000274658203,68.6500015258789,67.30000305175781,68.13999938964844,4946756
2025-06-03,65.46821594238281,66.69999694824219,68.0999984741211,66.4000015258789,67.77999877929688,7878732
2025-06-04,65.59581756591797,66.83000183105469,67.4000015258789,66.5999984741211,66.6500015258789,5751270
2025-06-05,67.85334777832031,69.12999725341797,69.16999816894531,66.19999694824219,66.6500015258789,12511715
2025-06-06,69.8360366821289,71.1500015258789,72.19999694824219,69.19000244140625,69.19000244140625,20242557
2025-06-09,69.14896392822266,70.44999694824219,71.19999694824219,70.0199966430664,70.0199966430664,8788016
2025-06-10,69.14896392822266,70.44999694824219,71.38999938964844,68.9800033569336,70.44999694824219,8921030
2025-06-11,67.5294418334961,68.80000305175781,70.61000061035156,68.80000305175781,70.4000015258789,7397881
2025-06-12,68.03001403808594,69.30999755859375,70.75,68.31999969482422,68.5,8088184
2025-06-13,67.25460815429688,68.5199966430664,69.69999694824219,67.9000015258789,69.05000305175781,5988756
2025-06-16,65.6645278930664,66.9000015258789,68.70999908447266,66.9000015258789,68.5,8337837
2025-06-17,66.36141967773438,67.61000061035156,68.79000091552734,66.9000015258789,66.9000015258789,6773901
2025-06-18,67.76500701904297,69.04000091552734,70.69999694824219,67.44999694824219,67.5,12869958
2025-06-19,68.47171020507812,69.76000213623047,72.0999984741211,68.97000122070312,68.97000122070312,14151622
2025-06-20,66.03750610351562,67.27999877929688,69.76000213623047,67.04000091552734,69.0,9139997
2025-06-23,65.53692626953125,66.7699966430664,66.9000015258789,65.81999969482422,66.66000366210938,7067300
2025-06-24,68.10853576660156,69.38999938964844,69.48999786376953,67.0199966430664,67.04000091552734,9872739
2025-06-25,69.64954376220703,70.95999908447266,71.45999908447266,69.38999938964844,69.69999694824219,9414282
2025-06-26,69.19804382324219,70.5,71.87999725341797,70.30000305175781,70.97000122070312,5576827
2025-06-27,69.60450744628906,70.20999908447266,71.30000305175781,68.76000213623047,69.75,6444953
2025-06-30,71.37906646728516,72.0,72.44999694824219,70.0,70.20999908447266,8451502
2025-07-01,70.18941497802734,70.80000305175781,72.2699966430664,70.5,72.2699966430664,5681889
2025-07-02,69.14846801757812,69.75,70.98999786376953,69.5999984741211,70.5,5744419
2025-07-03,67.34416198730469,67.93000030517578,69.58000183105469,66.45999908447266,69.58000183105469,19435330
2025-07-04,68.5338134765625,69.12999725341797,69.87999725341797,67.5,67.58000183105469,9975100
2025-07-07,68.00838470458984,68.5999984741211,69.0,68.0199966430664,68.69999694824219,5264791
2025-07-08,71.43854522705078,72.05999755859375,72.27999877929688,67.9000015258789,68.0,13147030
2025-07-09,70.41743469238281,71.02999877929688,72.83999633789062,71.02999877929688,72.41000366210938,8645699
2025-07-10,69.59458923339844,70.19999694824219,71.16000366210938,68.87999725341797,71.08000183105469,9588231
2025-07-11,70.64545440673828,71.26000213623047,72.5999984741211,70.1500015258789,70.18000030517578,9578976
2025-07-14,71.20061492919922,71.81999969482422,72.58000183105469,70.93000030517578,71.91999816894531,8067294
2025-07-15,72.88595581054688,73.5199966430664,73.5199966430664,71.5,71.8499984741211,10300019
2025-07-16,75.6419906616211,76.30000305175781,76.9000015258789,72.66000366210938,73.5199966430664,16775189
2025-07-17,75.6419906616211,76.30000305175781,76.68000030517578,75.51000213623047,76.30000305175781,7466063
2025-07-18,75.74112701416016,76.4000015258789,76.80000305175781,75.05999755859375,76.63999938964844,7860437
2025-07-21,76.92086029052734,77.58999633789062,79.93000030517578,75.55999755859375,79.56999969482422,10346201
2025-07-22,79.68679809570312,80.37999725341797,85.3499984741211,78.44999694824219,78.55000305175781,31182112
2025-07-23,78.56654357910156,79.25,80.58000183105469,77.0,80.44000244140625,14782998
2025-07-24,76.89111328125,77.55999755859375,79.44999694824219,77.41000366210938,78.52999877929688,10427631
2025-07-25,74.9777603149414,75.62999725341797,77.69999694824219,75.19999694824219,77.23999786376953,13036890
2025-07-28,74.44242095947266,75.08999633789062,76.47000122070312,74.61000061035156,75.62999725341797,8222583
2025-07-29,75.14629364013672,75.80000305175781,76.23999786376953,74.87999725341797,75.19999694824219,8121588
2025-07-30,74.55146789550781,75.19999694824219,76.4800033569336,74.75,75.77999877929688,6265441
2025-07-31,72.96527099609375,73.5999984741211,75.12999725341797,73.31999969482422,74.83999633789062,9868803
2025-08-01,72.52906799316406,73.16000366210938,73.8499984741211,72.33000183105469,73.56999969482422,6496019
2025-08-04,73.3023452758789,73.94000244140625,74.2300033569336,72.55999755859375,72.80000305175781,6299497
2025-08-05,76.76223754882812,77.43000030517578,78.27999877929688,73.80999755859375,74.13999938964844,17223105
2025-08-06,79.41912841796875,80.11000061035156,80.88999938964844,78.56999969482422,79.37999725341797,15559689
2025-08-07,79.1712875366211,79.86000061035156,80.11000061035156,78.4000015258789,80.11000061035156,8901685
2025-08-08,77.4561996459961,78.12999725341797,79.19999694824219,75.19999694824219,75.19999694824219,18559617
2025-08-11,76.61353302001953,77.27999877929688,79.5,77.25,78.13999938964844,8555272
2025-08-12,76.36568450927734,77.02999877929688,78.19999694824219,76.29000091552734,77.2699966430664,7092981
2025-08-13,75.5428466796875,76.19999694824219,77.22000122070312,75.73999786376953,77.22000122070312,8979349
2025-08-14,75.00750732421875,75.66000366210938,76.51000213623047,75.22000122070312,76.19999694824219,6517530
2025-08-15,74.89845275878906,75.55000305175781,76.91999816894531,74.33999633789062,75.25,9520689
2025-08-18,78.81438446044922,79.5,79.83000183105469,75.30999755859375,76.16000366210938,17296934
2025-08-19,81.37213897705078,82.08000183105469,83.9800033569336,78.5,78.5,19247177
2025-08-20,83.26566314697266,83.98999786376953,84.8499984741211,81.1500015258789,81.75,13006303
2025-08-21,81.20361328125,81.91000366210938,83.94999694824219,81.30999755859375,83.79000091552734,7393553
2025-08-22,81.97688293457031,82.69000244140625,84.66999816894531,81.95999908447266,81.95999908447266,8553662
2025-08-25,83.07730865478516,83.80000305175781,84.68000030517578,82.18000030517578,83.5,8514457
2025-08-26,86.15056610107422,86.9000015258789,87.5,83.66000366210938,84.66999816894531,14683335
2025-08-27,83.36479949951172,84.08999633789062,87.19999694824219,84.0,86.79000091552734,17732078
2025-08-28,84.41566467285156,85.1500015258789,85.30000305175781,83.5,84.0999984741211,7843797
2025-08-29,88.64883422851562,89.41999816894531,90.68000030517578,85.01000213623047,85.1500015258789,13819713
2025-09-01,90.51262664794922,91.30000305175781,91.5,88.30000305175781,90.30999755859375,9176249
2025-09-02,92.62425231933594,93.43000030517578,95.29000091552734,87.58999633789062,91.27999877929688,17580784
2025-09-03,92.62425231933594,93.43000030517578,95.5999984741211,91.56999969482422,93.48999786376953,11757005
2025-09-04,86.00186157226562,86.75,93.5,85.01000213623047,93.43000030517578,13712236
2025-09-05,87.24108123779297,88.0,89.0,86.11000061035156,86.31999969482422,8487804
2025-09-08,89.54107666015625,90.31999969482422,94.69000244140625,87.80000305175781,87.91999816894531,19659489
2025-09-09,87.45919036865234,88.22000122070312,90.30000305175781,87.5,88.98999786376953,10121880
2025-09-10,86.94366455078125,87.69999694824219,88.44000244140625,85.45999908447266,87.0999984741211,8137284
2025-09-11,88.97599029541016,89.75,90.11000061035156,87.16999816894531,87.47000122070312,7045174
2025-09-12,85.61522674560547,86.36000061035156,90.6500015258789,85.69999694824219,90.0,12288688
2025-09-15,90.2152099609375,91.0,91.95999908447266,86.0199966430664,86.36000061035156,15095315
2025-09-16,92.65399169921875,93.45999908447266,96.97000122070312,90.45999908447266,92.68000030517578,18533451
2025-09-17,96.45096588134766,97.29000091552734,98.19000244140625,94.4000015258789,95.33999633789062,15878737
2025-09-18,93.58589172363281,94.4000015258789,101.0,92.94000244140625,99.23999786376953,22672365
2025-09-19,92.74322509765625,93.55000305175781,96.27999877929688,93.0,93.0,9792369
2025-09-22,91.74192810058594,92.54000091552734,93.94000244140625,90.5,92.9800033569336,10176141
2025-09-23,90.99839782714844,91.79000091552734,93.5,90.3499984741211,92.7699966430664,9946997
2025-09-24,92.53502655029297,93.33999633789062,93.77999877929688,90.5,91.27999877929688,8620194
2025-09-25,92.53502655029297,93.33999633789062,95.44000244140625,91.87999725341797,92.9000015258789,8460103
2025-09-26,88.92642211914062,89.69999694824219,92.79000091552734,89.3499984741211,92.02999877929688,7572204
2025-09-29,94.160888671875,94.9800033569336,95.0,89.69000244140625,89.69999694824219,10882293
2025-09-30,94.9440689086914,95.7699966430664,96.87999725341797,93.79000091552734,96.0,11530320
2025-10-09,103.10310363769531,104.0,104.9000015258789,95.0,96.97000122070312,22539555
2025-10-10,97.4225082397461,98.2699966430664,104.8499984741211,96.16999816894531,103.0,15229771
2025-10-13,94.18070983886719,95.0,95.26000213623047,91.5,92.0999984741211,13727591
2025-10-14,91.25615692138672,92.05000305175781,100.95999908447266,91.5,96.05999755859375,13847435
2025-10-15,97.56130981445312,98.41000366210938,98.86000061035156,91.30000305175781,92.05000305175781,12802066
2025-10-16,93.18933868408203,94.0,98.0,93.2699966430664,96.0,10026367
2025-10-17,88.51004028320312,89.27999877929688,93.69999694824219,89.02999877929688,93.26000213623047,8971900
2025-10-20,90.40357208251953,91.19000244140625,93.18000030517578,90.30000305175781,90.30000305175781,7758946
2025-10-21,91.95011901855469,92.75,93.69000244140625,91.41999816894531,92.06999969482422,4802472
2025-10-22,91.73201751708984,92.52999877929688,95.27999877929688,91.62000274658203,92.31999969482422,5730847
2025-10-23,89.07512664794922,89.8499984741211,91.72000122070312,88.19000244140625,91.5999984741211,8431506
2025-10-24,92.1285629272461,92.93000030517578,93.33000183105469,90.20999908447266,90.33000183105469,6276399
2025-10-27,93.1496810913086,93.95999908447266,95.19999694824219,91.79000091552734,93.5,7672541
2025-10-28,92.64408111572266,93.44999694824219,95.4000015258789,91.52999877929688,93.95999908447266,8559674
2025-10-29,97.95784759521484,98.80999755859375,99.97000122070312,92.5,92.5,14888069
2025-10-30,95.66777801513672,96.5,99.08000183105469,95.80000305175781,97.91999816894531,9093924
2025-10-31,95.25140380859375,96.08000183105469,99.9000015258789,95.58000183105469,96.79000091552734,9061481
2025-11-03,91.4147720336914,92.20999908447266,96.0,91.80000305175781,95.81999969482422,10152398
2025-11-04,89.02556610107422,89.80000305175781,93.12000274658203,89.19999694824219,92.0,7268976
2025-11-05,86.57685852050781,87.33000183105469,89.41999816894531,87.30000305175781,88.25,7186092
2025-11-06,92.34667205810547,93.1500015258789,93.6500015258789,87.70999908447266,87.83999633789062,11004715
2025-11-07,93.40744018554688,94.22000122070312,96.6500015258789,90.87000274658203,92.4800033569336,11286652
2025-11-10,89.69969940185547,90.4800033569336,94.58000183105469,89.66000366210938,93.5999984741211,10652198
2025-11-11,89.25357818603516,90.02999877929688,91.75,87.69999694824219,90.61000061035156,7514229
2025-11-12,85.86306762695312,86.61000061035156,89.80000305175781,86.5999984741211,89.77999877929688,6355196
2025-11-13,86.3984146118164,87.1500015258789,87.77999877929688,85.51000213623047,86.7300033569336,6298173
2025-11-14,85.62246704101562,86.06999969482422,88.13999938964844,85.55999755859375,85.80000305175781,4324066
2025-11-17,87.60211944580078,88.05999755859375,90.18000030517578,85.58000183105469,86.06999969482422,9858602
2025-11-18,88.17910766601562,88.63999938964844,89.38999938964844,87.0999984741211,88.31999969482422,4531900
2025-11-19,87.04503631591797,87.5,89.38999938964844,86.1500015258789,88.87999725341797,5418457
2025-11-20,89.27338409423828,89.73999786376953,90.33999633789062,88.0,88.31999969482422,7222217
2025-11-21,91.67086029052734,92.1500015258789,94.33000183105469,87.91999816894531,88.80000305175781,14588374
2025-11-24,91.5813217163086,92.05999755859375,92.98999786376953,90.91000366210938,92.70999908447266,6597386
2025-11-25,90.12891387939453,90.5999984741211,93.19999694824219,90.08999633789062,92.69999694824219,8483403
2025-11-26,91.6808090209961,92.16000366210938,94.27999877929688,89.04000091552734,90.0,8557117
2025-11-27,100.85285949707031,101.37999725341797,101.37999725341797,92.25,92.4800033569336,32269387
2025-11-28,100.77328491210938,101.30000305175781,102.33000183105469,96.5999984741211,101.0,23513079
2025-12-01,103.26028442382812,103.80000305175781,106.91000366210938,101.5,103.97000122070312,20045638
2025-12-02,103.26028442382812,103.80000305175781,105.79000091552734,101.0,103.44999694824219,10437596
2025-12-03,103.70793914794922,104.25,107.01000213623047,102.66000366210938,104.80000305175781,11718506
2025-12-04,105.89649963378906,106.44999694824219,111.5999984741211,104.4000015258789,108.62000274658203,19076851
2025-12-05,112.39254760742188,112.9800033569336,113.47000122070312,105.0199966430664,106.69000244140625,17094107
2025-12-08,111.11920166015625,111.69999694824219,112.5,108.01000213623047,111.77999877929688,15535368
2025-12-09,109.59716033935547,110.16999816894531,112.19999694824219,109.0,109.91000366210938,10848593
2025-12-10,111.91504669189453,112.5,113.73999786376953,107.80000305175781,109.30000305175781,11429064
2025-12-11,110.0249252319336,110.5999984741211,113.5,110.5,111.37999725341797,8034332
2025-12-12,109.7762222290039,110.3499984741211,111.3499984741211,107.75,109.54000091552734,11982853
2025-12-15,108.75157928466797,109.31999969482422,112.4000015258789,108.80000305175781,109.61000061035156,10717323
2025-12-16,107.63739776611328,108.19999694824219,110.48999786376953,107.01000213623047,110.2699966430664,8502552
2025-12-17,107.07036590576172,107.62999725341797,108.75,106.20999908447266,107.19999694824219,11955556
2025-12-18,104.45404052734375,105.0,107.30000305175781,104.80999755859375,107.0999984741211,9530403
2025-12-19,104.79226684570312,105.33999633789062,107.19000244140625,104.0,105.83000183105469,8715381
2025-12-22,106.85151672363281,107.41000366210938,108.05000305175781,104.66999816894531,105.87999725341797,9836853
2025-12-23,104.33466339111328,104.87999725341797,107.97000122070312,104.44000244140625,107.0,7930376
2025-12-24,104.15559387207031,104.69999694824219,106.47000122070312,104.30000305175781,105.5,6649519
2025-12-25,106.6624984741211,107.22000122070312,108.87000274658203,103.80999755859375,104.01000213623047,9752613
2025-12-26,108.04527282714844,108.61000061035156,109.6500015258789,105.66999816894531,106.97000122070312,8895945
2025-12-29,107.63739776611328,108.19999694824219,109.5,105.04000091552734,108.5,10536399
2025-12-30,112.37265014648438,112.95999908447266,114.1500015258789,108.55999755859375,108.55999755859375,17088437
2025-12-31,109.33851623535156,109.91000366210938,113.5999984741211,108.66000366210938,113.13999938964844,11337705
2026-01-05,112.90984344482422,113.5,115.5,108.06999969482422,108.80000305175781,11471935
2026-01-06,110.12439727783203,110.69999694824219,115.75,109.91999816894531,113.5,15510774
2026-01-07,116.45133209228516,117.05999755859375,117.5999984741211,110.0,110.0,18073661
2026-01-08,112.32291412353516,112.91000366210938,118.54000091552734,111.58000183105469,117.2300033569336,14299565
2026-01-09,114.60100555419922,115.19999694824219,118.5,113.19999694824219,113.3499984741211,12305380
2026-01-12,116.988525390625,117.5999984741211,119.76000213623047,111.69999694824219,113.80000305175781,13007832
2026-01-13,119.66454315185547,120.29000091552734,125.4000015258789,118.41999816894531,119.98999786376953,15948837
2026-01-14,113.606201171875,114.19999694824219,120.8499984741211,114.0,119.76000213623047,17523062
2026-01-15,112.05431365966797,112.63999938964844,114.16000366210938,110.87999725341797,113.0,9545336
2026-01-16,118.18228912353516,118.80000305175781,120.4000015258789,113.0,113.0,15189879
2026-01-19,116.56076049804688,117.16999816894531,121.0,116.19000244140625,120.0,12406212
2026-01-20,114.28266906738281,114.87999725341797,119.0,114.0,117.87999725341797,8841593
2026-01-21,120.49022674560547,121.12000274658203,124.41000366210938,113.2300033569336,114.0,20853335
2026-01-22,117.4759750366211,118.08999633789062,123.4800033569336,117.4000015258789,121.0,13428937
2026-01-23,117.06810760498047,117.68000030517578,125.9800033569336,116.81999969482422,123.0,19388803
2026-01-26,110.92024230957031,111.5,118.5,111.01000213623047,118.04000091552734,19450452
2026-01-27,112.34281158447266,112.93000030517578,115.30000305175781,109.31999969482422,111.29000091552734,13686540
2026-01-28,111.7160873413086,112.30000305175781,113.5,111.05000305175781,112.0,9332026
2026-01-29,108.3337631225586,108.9000015258789,113.30000305175781,108.5,111.9000015258789,10659256
2026-01-30,107.83636474609375,108.4000015258789,110.33999633789062,105.87999725341797,108.33000183105469,9397434
2026-02-02,106.9012451171875,107.45999908447266,109.80000305175781,107.16999816894531,108.72000122070312,9241395
2026-02-03,114.08370971679688,114.68000030517578,114.87000274658203,107.30999755859375,109.18000030517578,16365322
2026-02-04,119.2467269897461,119.87000274658203,119.93000030517578,114.44999694824219,114.94999694824219,16649029
2026-02-05,120.370849609375,121.0,122.58000183105469,117.55999755859375,120.0,13225076
2026-02-06,119.0179214477539,119.63999938964844,122.26000213623047,117.5999984741211,121.0,8910989
2026-02-09,121.236328125,121.87000274658203,123.38999938964844,119.44999694824219,121.19999694824219,7023115
2026-02-10,123.09659576416016,123.73999786376953,125.87000274658203,121.01000213623047,122.12999725341797,9322906
2026-02-11,121.5148696899414,122.1500015258789,124.55000305175781,121.22000122070312,124.55000305175781,5783564
2026-02-12,120.8582992553711,121.48999786376953,123.37000274658203,120.93000030517578,121.5,5164718
2026-02-13,117.92363739013672,118.54000091552734,121.5,118.30000305175781,121.5,4807105
2026-02-24,113.40724182128906,114.0,119.98999786376953,113.58000183105469,119.91000366210938,11865733
2026-02-25,114.56121826171875,115.16000366210938,116.27999877929688,112.58000183105469,113.0,6788654
2026-02-26,113.99417114257812,114.58999633789062,117.0,113.2300033569336,113.9000015258789,8371822
2026-02-27,112.24333190917969,112.83000183105469,115.2699966430664,112.11000061035156,114.0,6227808
2026-03-02,111.51712036132812,112.0999984741211,114.47000122070312,110.80000305175781,111.0,7943719
2026-03-03,106.29441833496094,106.8499984741211,113.19999694824219,106.68000030517578,112.55000305175781,11174463
2026-03-04,104.03622436523438,104.58000183105469,106.79000091552734,103.22000122070312,105.9000015258789,9804231
2026-03-05,105.84676361083984,106.4000015258789,107.19999694824219,105.01000213623047,105.76000213623047,7834609
2026-03-06,106.4137954711914,106.97000122070312,108.12000274658203,104.55000305175781,105.80000305175781,9133166
2026-03-09,108.83116149902344,109.4000015258789,111.27999877929688,103.01000213623047,105.0,11879224
2026-03-10,114.26277160644531,114.86000061035156,116.87999725341797,110.69000244140625,112.0,13712824
2026-03-11,114.26277160644531,114.86000061035156,116.01000213623047,112.08000183105469,115.91000366210938,8053560
2026-03-12,110.82076263427734,111.4000015258789,114.37000274658203,110.31999969482422,113.51000213623047,7015536
2026-03-13,107.13999938964844,107.69999694824219,111.4000015258789,107.16000366210938,110.20999908447266,5086460
2026-03-16,104.93154907226562,105.4800033569336,107.7300033569336,103.5999984741211,107.11000061035156,6321969
2026-03-17,103.43934631347656,103.9800033569336,107.37999725341797,103.93000030517578,106.76000213623047,7157226
2026-03-18,103.1508560180664,103.69000244140625,106.0,100.70999908447266,104.55000305175781,9576627
2026-03-19,99.69889831542969,100.22000122070312,102.4800033569336,99.0199966430664,101.62999725341797,10080390
2026-03-20,99.1517562866211,99.66999816894531,101.37000274658203,98.30000305175781,100.19999694824219,11516068
2026-03-23,91.44204711914062,91.91999816894531,94.87999725341797,89.69999694824219,89.69999694824219,35212429
2026-03-24,92.51643371582031,93.0,93.3499984741211,89.0999984741211,92.0,25050279
2026-03-25,94.95369720458984,95.44999694824219,96.69000244140625,93.19999694824219,94.6500015258789,13077799
2026-03-26,95.45109558105469,95.94999694824219,98.33999633789062,95.16999816894531,96.70999908447266,9157844
2026-03-27,95.27203369140625,95.7699966430664,97.8499984741211,94.5,95.25,6725591
2026-03-30,96.3464126586914,96.8499984741211,97.80000305175781,93.69999694824219,94.63999938964844,6350065
2026-03-31,95.50083923339844,96.0,99.66999816894531,96.0,97.31999969482422,7953486
2026-04-01,101.46964263916016,102.0,105.5999984741211,97.30000305175781,97.30000305175781,16649463
2026-04-02,101.967041015625,102.5,103.9800033569336,100.94999694824219,101.48999786376953,13993890
2026-04-03,102.4544906616211,102.98999786376953,104.9800033569336,101.5999984741211,102.45999908447266,10217678
2026-04-07,97.71924591064453,98.2300033569336,102.48999786376953,97.68000030517578,102.0,9691599
2026-04-08,101.58901977539062,102.12000274658203,102.7699966430664,100.58999633789062,101.0,11863913
2026-04-09,100.67379760742188,101.19999694824219,103.12000274658203,100.5,101.0,5448263
2026-04-10,100.85285949707031,101.37999725341797,103.4000015258789,101.0,102.5,9753000
2026-04-13,99.51982879638672,100.04000091552734,102.0,99.68000030517578,102.0,6853132
2026-04-14,104.30481719970703,104.8499984741211,105.70999908447266,101.86000061035156,102.30000305175781,10985885
2026-04-15,103.3597640991211,103.9000015258789,108.0,103.75,108.0,8347420
2026-04-16,106.44364166259766,107.0,110.19999694824219,104.5,104.5,11609349
2026-04-17,104.84201049804688,105.38999938964844,106.75,104.26000213623047,106.75,7697183
2026-04-20,102.78277587890625,103.31999969482422,105.69999694824219,102.7300033569336,105.55000305175781,9252303
2026-04-21,99.87796020507812,100.4000015258789,101.5,96.30999755859375,97.44000244140625,20351271
2026-04-22,100.55442810058594,101.08000183105469,101.38999938964844,99.04000091552734,99.8499984741211,10242442
2026-04-23,99.69889831542969,100.22000122070312,101.44000244140625,99.08000183105469,101.4000015258789,11017280
2026-04-24,96.3464126586914,96.8499984741211,100.98999786376953,94.1500015258789,100.98999786376953,22202761
2026-04-27,96.43595123291016,96.94000244140625,99.37999725341797,96.52999877929688,97.48999786376953,12425517
2026-04-28,103.97653198242188,104.5199966430664,104.80999755859375,95.5,96.0,22613515
2026-04-29,104.45404052734375,105.0,105.01000213623047,101.87999725341797,103.31999969482422,9584444
2026-04-30,104.43415069580078,104.9800033569336,106.0999984741211,103.5199966430664,103.69999694824219,9193732
2026-05-06,104.5037841796875,105.05000305175781,105.63999938964844,102.44999694824219,104.6500015258789,12124288
2026-05-07,112.81036376953125,113.4000015258789,113.55000305175781,103.80000305175781,106.19999694824219,20626296
2026-05-08,112.8203125,113.41000366210938,116.62999725341797,111.4800033569336,111.56999969482422,15579590
2026-05-11,113.17843627929688,113.7699966430664,117.86000061035156,113.41999816894531,114.55999755859375,11755337
2026-05-12,111.91504669189453,112.5,115.66000366210938,111.69999694824219,114.47000122070312,8487003
2026-05-13,110.95008850097656,111.52999877929688,111.80000305175781,109.58000183105469,111.80000305175781,8648607
2026-05-14,108.49292755126953,109.05999755859375,112.5,109.0199966430664,111.55000305175781,6243321
2026-05-15,115.41674041748047,116.0199966430664,118.73999786376953,109.18000030517578,110.0,18461426
2026-05-18,112.95958709716797,113.55000305175781,116.36000061035156,112.12000274658203,115.0,12558110
2026-05-19,111.77577209472656,112.36000061035156,115.5,111.25,114.5,7321050
2026-05-20,112.04436492919922,112.62999725341797,115.44999694824219,110.37999725341797,111.66000366210938,7987637
2026-05-21,113.44703674316406,114.04000091552734,118.8499984741211,112.69999694824219,112.94000244140625,12638148
2026-05-22,116.44139099121094,117.05000305175781,118.77999877929688,112.30000305175781,114.05999755859375,10325662
2026-05-25,110.42284393310547,111.0,118.0,110.75,117.08999633789062,15115511
2026-05-26,111.64645385742188,112.2300033569336,115.16000366210938,110.69999694824219,113.01000213623047,12620737
2026-05-27,109.9453353881836,110.5199966430664,112.80000305175781,109.48999786376953,111.06999969482422,8431571
2026-05-28,111.50717163085938,112.08999633789062,112.66000366210938,108.5,110.5199966430664,8949794
2026-05-29,108.54267120361328,109.11000061035156,113.0,108.51000213623047,113.0,9370467
2026-06-01,110.72128295898438,111.30000305175781,114.87999725341797,108.80000305175781,111.30000305175781,11938114
2026-06-02,110.78097534179688,111.36000061035156,113.01000213623047,110.0,112.08999633789062,6819533
2026-06-03,112.05431365966797,112.63999938964844,115.77999877929688,109.69999694824219,111.33000183105469,10507029
2026-06-04,113.606201171875,114.19999694824219,116.87999725341797,110.5199966430664,111.5199966430664,8204953
2026-06-05,116.5905990600586,117.19999694824219,120.5,111.44999694824219,114.30000305175781,12437398
2026-06-08,119.1472396850586,119.7699966430664,123.5,113.88999938964844,114.0,14711301
2026-06-09,121.86304473876953,122.5,122.9800033569336,117.5,121.86000061035156,10566530
2026-06-10,118.6796875,119.30000305175781,121.43000030517578,116.75,121.0,11028277
2026-06-11,121.87300109863281,122.51000213623047,123.80000305175781,117.12000274658203,117.30000305175781,13206967
2026-06-12,113.9444351196289,114.54000091552734,123.4800033569336,114.54000091552734,122.12000274658203,20224328
2026-06-15,115.53611755371094,116.13999938964844,118.8499984741211,112.44000244140625,116.98999786376953,12054491
2026-06-16,115.89424896240234,116.5,117.7699966430664,114.2300033569336,116.0999984741211,7716600
2026-06-17,117.38644409179688,118.0,118.18000030517578,113.5,115.19999694824219,7049769
2026-06-18,117.2869644165039,117.9000015258789,120.58000183105469,116.4000015258789,117.4000015258789,7435592
2026-06-22,114.511474609375,115.11000061035156,118.19999694824219,109.9000015258789,117.80000305175781,14301520
2026-06-23,111.59671020507812,112.18000030517578,117.16000366210938,112.01000213623047,115.11000061035156,7547598
2026-06-24,109.39820098876953,109.97000122070312,112.18000030517578,109.37999725341797,111.5,7798553
2026-06-25,111.01972198486328,111.5999984741211,113.5,108.58000183105469,110.9000015258789,8860360
2026-06-26,107.63739776611328,108.19999694824219,112.0,108.19999694824219,110.11000061035156,8142640
2026-06-29,106.61275482177734,107.16999816894531,108.20999908447266,104.44000244140625,107.55000305175781,11026929
2026-06-30,107.00072479248047,107.55999755859375,109.9800033569336,104.19999694824219,108.5999984741211,9893497
2026-07-01,105.19019317626953,105.73999786376953,111.30999755859375,104.56999969482422,108.0,9380600
2026-07-02,110.0249252319336,110.5999984741211,115.58000183105469,107.58999633789062,110.0,18949007
2026-07-03,121.02742004394531,121.66000366210938,121.66000366210938,110.58000183105469,110.98999786376953,20220303
2026-07-06,116.88904571533203,117.5,124.0,116.51000213623047,123.19999694824219,14592502
2026-07-07,115.32720947265625,115.93000030517578,120.5,115.0,117.91000366210938,10014040
2026-07-08,108.00547790527344,108.56999969482422,115.80000305175781,108.19999694824219,115.06999969482422,10037865
2026-07-09,107.13999938964844,107.69999694824219,109.16999816894531,105.1500015258789,108.0,7436231
2026-07-10,111.01000213623047,111.01000213623047,113.48999786376953,106.83999633789062,107.81999969482422,9950990
2026-07-13,106.0,106.0,112.75,105.5199966430664,110.41000366210938,7826080
2026-07-14,107.69999694824219,107.69999694824219,107.69999694824219,103.25,105.62999725341797,7430700
2026-07-15,110.58000183105469,110.58000183105469,112.5,106.5,106.5,7108053
2026-07-16,108.20999908447266,108.20999908447266,111.9800033569336,107.7300033569336,108.08000183105469,6228326
2026-07-17,103.51000213623047,103.51000213623047,109.5,103.18000030517578,108.2300033569336,8391734
2026-07-20,103.51000213623047,103.51000213623047,105.30000305175781,100.5199966430664,104.98999786376953,7888969
2026-07-21,106.55000305175781,106.55000305175781,107.1500015258789,102.95999908447266,102.95999908447266,7731087
2026-07-22,104.08000183105469,104.08000183105469,106.0,102.83999633789062,106.0,5873286
2026-07-23,107.41999816894531,107.41999816894531,107.5999984741211,102.4000015258789,104.0,5572848
2026-07-24,106.79000091552734,106.79000091552734,107.48999786376953,105.0,105.98999786376953,5315160
2026-07-27,105.4800033569336,105.4800033569336,108.08000183105469,104.5,107.47000122070312,3847453
2026-07-28,103.80000305175781,103.80000305175781,106.41999816894531,103.6500015258789,104.4800033569336,4832398
2026-07-29,102.93000030517578,102.93000030517578,104.36000061035156,98.87999725341797,103.5999984741211,8010178
2026-07-30,103.0,103.0,104.26000213623047,99.4000015258789,101.0,7685972
2026-07-31,108.44999694824219,108.44999694824219,109.41000366210938,101.75,104.69000244140625,10040233
2026-08-03,109.83999633789062,109.83999633789062,112.19999694824219,107.7699966430664,109.9800033569336,6473063
2026-08-04,106.30000305175781,106.30000305175781,109.98999786376953,105.13999938964844,109.80000305175781,6382526
2026-08-05,105.68000030517578,105.68000030517578,106.86000061035156,104.30000305175781,105.66000366210938,6033631
2026-08-06,105.0999984741211,105.0999984741211,106.9800033569336,104.19999694824219,105.18000030517578,5228801
2026-08-07,104.0,104.0,105.80000305175781,103.29000091552734,105.06999969482422,6486529
2026-08-10,103.87999725341797,103.87999725341797,104.98999786376953,103.19000244140625,104.0999984741211,5610982
2026-08-11,107.22000122070312,107.22000122070312,108.47000122070312,102.31999969482422,103.01000213623047,9727576
2026-08-12,105.3499984741211,105.3499984741211,107.0,103.83000183105469,107.0,6436497
2026-08-13,106.01000213623047,106.01000213623047,108.30000305175781,104.80999755859375,105.33000183105469,5630782
2026-08-14,106.27999877929688,106.27999877929688,107.80000305175781,104.44000244140625,105.98999786376953,4469230
2026-08-17,108.81999969482422,108.81999969482422,110.02999877929688,104.55000305175781,106.29000091552734,7120840
2026-08-18,107.98999786376953,107.98999786376953,109.4000015258789,106.69000244140625,108.0,5289844
2026-08-19,101.0,101.0,107.9000015258789,100.69999694824219,107.83000183105469,10364373
2026-08-20,101.4000015258789,101.4000015258789,102.58999633789062,100.4000015258789,101.16000366210938,4404724
2026-08-21,105.79000091552734,105.79000091552734,105.94000244140625,100.69999694824219,101.02999877929688,7744983
2026-08-24,105.11000061035156,105.11000061035156,108.75,104.02999877929688,105.98999786376953,4133300
2026-08-25,100.73999786376953,100.73999786376953,105.4000015258789,97.25,103.22000122070312,14353576
2026-08-26,97.1500015258789,97.1500015258789,101.41999816894531,97.0999984741211,100.73999786376953,9660021
2026-08-27,103.0,103.0,103.36000061035156,96.16999816894531,97.1500015258789,10904356
2026-08-28,101.36000061035156,101.36000061035156,104.69999694824219,101.31999969482422,103.0,5119196
2026-08-31,102.5,102.5,102.56999969482422,100.36000061035156,100.5,3935638
2026-09-01,101.87999725341797,101.87999725341797,102.87999725341797,101.0999984741211,102.01000213623047,3248247
2026-09-02,100.27999877929688,100.27999877929688,101.9800033569336,99.5999984741211,101.9800033569336,3250243
2026-09-03,100.16000366210938,100.16000366210938,101.58000183105469,98.83000183105469,100.7699966430664,3542083
2026-09-04,99.02999877929688,99.02999877929688,101.5999984741211,97.9000015258789,100.69999694824219,4078784
2026-09-07,,,101.7699966430664,98.7300033569336,98.9000015258789,5932016
