Date,Adj Close,Close,High,Low,Open,Volume
2025-01-01,106.91302490234375,111.41000366210938,111.98999786376953,109.6050033569336,110.0,3854562.0
2025-01-02,113.27540588378906,118.04000091552734,119.0999984741211,112.13500213623047,112.8499984741211,40788608.0
2025-01-03,112.33975982666016,117.06500244140625,118.25,116.17500305175781,118.0,11625344.0
2025-01-06,108.51561737060547,113.08000183105469,117.06500244140625,112.65499877929688,117.0,7541810.0
2025-01-07,107.72871398925781,112.26000213623047,114.5999984741211,111.7750015258789,113.16000366210938,8939686.0
2025-01-08,106.86983489990234,111.36499786376953,112.4000015258789,110.55000305175781,112.2300033569336,11997500.0
2025-01-09,102.87295532226562,107.19999694824219,111.45500183105469,106.95500183105469,110.7750015258789,12998912.0
2025-01-10,101.0352554321289,105.28500366210938,107.30500030517578,103.80000305175781,107.19499969482422,16022686.0
2025-01-13,97.13912963867188,101.2249984741211,104.49500274658203,100.94499969482422,103.98500061035156,12312576.0
2025-01-14,100.7857437133789,105.0250015258789,105.69499969482422,101.5250015258789,101.54499816894531,5900706.0
2025-01-15,99.16876220703125,103.33999633789062,106.04499816894531,102.19999694824219,105.5250015258789,6852198.0
2025-01-16,99.7589340209961,103.95500183105469,105.65499877929688,103.7750015258789,104.8949966430664,10451924.0
2025-01-17,99.12557983398438,103.29499816894531,104.43499755859375,102.66999816894531,103.95500183105469,6503312.0
2025-01-20,100.38750457763672,104.61000061035156,104.91000366210938,102.5250015258789,103.75,10950000.0
2025-01-21,98.24750518798828,102.37999725341797,105.44999694824219,102.07499694824219,105.0,11790436.0
2025-01-22,99.23113250732422,103.40499877929688,104.48999786376953,102.25,103.0,20175578.0
2025-01-23,99.67737579345703,103.87000274658203,104.67500305175781,102.0,103.2300033569336,9187844.0
2025-01-24,98.02679443359375,102.1500015258789,104.33999633789062,101.82499694824219,103.5,19779840.0
2025-01-27,94.66326904296875,98.6449966430664,101.34500122070312,97.67500305175781,101.0,13457514.0
2025-01-28,98.23310852050781,102.36499786376953,103.8550033569336,98.51000213623047,99.375,23240006.0
2025-01-29,98.8616714477539,103.0199966430664,103.27999877929688,101.6500015258789,102.17500305175781,12922486.0
2025-01-30,100.92009735107422,105.16500091552734,105.7249984741211,102.69000244140625,103.0199966430664,14928366.0
2025-01-31,104.03890991210938,108.41500091552734,109.5,104.43499755859375,104.82499694824219,13116114.0
2025-02-01,99.01042175292969,103.17500305175781,110.53500366210938,102.00499725341797,108.94999694824219,27247028.0
2025-02-03,97.83966827392578,101.95500183105469,103.3949966430664,99.81999969482422,103.17500305175781,21291626.0
2025-02-04,101.56304931640625,105.83499908447266,105.99500274658203,103.48999786376953,104.0,13829256.0
2025-02-05,101.25117492675781,105.51000213623047,106.99500274658203,105.25,105.94999694824219,4982690.0
2025-02-06,100.66098022460938,104.8949966430664,106.23500061035156,104.16999816894531,105.51000213623047,4793854.0
2025-02-07,101.7453842163086,106.0250015258789,108.12000274658203,104.3949966430664,104.98999786376953,7877896.0
2025-02-10,100.32992553710938,104.55000305175781,106.0,104.27999877929688,105.5,2787106.0
2025-02-11,97.74370574951172,101.8550033569336,104.74500274658203,100.42500305175781,104.2750015258789,7088702.0
2025-02-12,105.24805450439453,109.67500305175781,110.44999694824219,99.82499694824219,102.0,73022266.0
2025-02-13,104.15406799316406,108.53500366210938,112.62999725341797,108.18499755859375,110.30000305175781,47542286.0
2025-02-14,102.60906219482422,106.92500305175781,109.3550033569336,105.88999938964844,108.5999984741211,15651978.0
2025-02-17,107.29207611083984,111.80500030517578,112.25,104.67500305175781,106.5,41594672.0
2025-02-18,106.65391540527344,111.13999938964844,111.69999694824219,108.71499633789062,111.67500305175781,14740792.0
2025-02-19,108.15574645996094,112.70500183105469,113.08999633789062,109.4800033569336,109.82499694824219,12602396.0
2025-02-20,108.67395782470703,113.24500274658203,113.9000015258789,111.23500061035156,112.24500274658203,12749270.0
2025-02-21,106.77387237548828,111.26499938964844,114.19499969482422,110.07499694824219,113.05999755859375,11291962.0
2025-02-24,107.04256439208984,111.54499816894531,111.94000244140625,109.6500015258789,110.0,12662692.0
2025-02-25,109.02901458740234,113.61499786376953,114.19499969482422,110.8550033569336,111.48999786376953,19793824.0
2025-02-27,108.16534423828125,112.71499633789062,113.79499816894531,111.17500305175781,113.75,14564826.0
2025-02-28,102.17242431640625,106.47000122070312,111.20500183105469,105.66000366210938,110.99500274658203,26693850.0
2025-03-03,100.2435531616211,104.45999908447266,109.79499816894531,102.81999969482422,108.0,13489116.0
2025-03-04,99.28871154785156,103.46499633789062,104.75,101.58000183105469,103.0,17913698.0
2025-03-05,100.38270568847656,104.6050033569336,106.25,102.92500305175781,103.0,22003930.0
2025-03-06,101.04964447021484,105.30000305175781,106.9000015258789,105.0,106.0,10167814.0
2025-03-07,100.65619659423828,104.88999938964844,106.32499694824219,104.58000183105469,105.20999908447266,8597008.0
2025-03-10,99.2215347290039,103.3949966430664,106.34500122070312,102.94499969482422,105.12999725341797,9597488.0
2025-03-11,95.94439697265625,99.9800033569336,102.41999816894531,98.80500030517578,102.0,25874734.0
2025-03-12,94.09708404541016,98.05500030517578,100.44999694824219,96.44999694824219,100.0,31387772.0
2025-03-13,94.34658813476562,98.31500244140625,99.0999984741211,97.76000213623047,98.3499984741211,10587842.0
2025-03-17,95.22465515136719,99.2300033569336,99.97000122070312,98.13999938964844,98.75,17868720.0
2025-03-18,95.22465515136719,99.2300033569336,99.2300033569336,99.2300033569336,99.2300033569336,0.0
2025-03-19,98.69374084472656,102.84500122070312,103.98999786376953,102.0,102.34500122070312,15342412.0
2025-03-20,99.55261993408203,103.73999786376953,104.75,102.84500122070312,103.52999877929688,9247912.0
2025-03-21,101.16480255126953,105.41999816894531,106.1500015258789,102.66000366210938,103.73999786376953,15463156.0
2025-03-24,101.97570037841797,106.26499938964844,107.3499984741211,105.44999694824219,106.0,9897916.0
2025-03-25,100.78094482421875,105.0199966430664,107.5999984741211,104.26000213623047,107.19999694824219,16380024.0
2025-03-26,103.1512451171875,107.48999786376953,109.80000305175781,104.2750015258789,105.7249984741211,58831436.0
2025-03-27,100.05162811279297,104.26000213623047,107.4000015258789,102.58499908447266,103.98999786376953,42418880.0
2025-03-28,97.98841094970703,102.11000061035156,105.0,101.77999877929688,104.9749984741211,20824092.0
2025-04-01,100.31072998046875,104.52999877929688,105.0999984741211,101.80500030517578,102.5,16742748.0
2025-04-02,100.17158508300781,104.38500213623047,105.05999755859375,103.26499938964844,104.54000091552734,12568804.0
2025-04-03,100.73296356201172,104.97000122070312,105.2249984741211,102.25499725341797,102.5,13112264.0
2025-04-04,98.42984008789062,102.56999969482422,104.54499816894531,101.55000305175781,104.49500274658203,9206950.0
2025-04-07,94.80721282958984,98.79499816894531,100.5250015258789,95.93000030517578,98.19999694824219,19509568.0
2025-04-08,96.83685302734375,100.91000366210938,101.75,98.99500274658203,100.5,8552900.0
2025-04-09,98.20912170410156,102.33999633789062,102.92500305175781,99.75,100.5,8559354.0
2025-04-11,100.04202270507812,104.25,104.9000015258789,103.3499984741211,103.55000305175781,7674562.0
2025-04-15,103.13684844970703,107.4749984741211,107.76499938964844,105.05500030517578,105.5,14187334.0
2025-04-16,102.87295532226562,107.19999694824219,107.75,106.43499755859375,107.3499984741211,9669812.0
2025-04-17,105.07051849365234,109.48999786376953,109.69999694824219,106.41500091552734,107.1449966430664,12745690.0
2025-04-21,106.5483627319336,111.02999877929688,111.55000305175781,109.08000183105469,109.72000122070312,10604780.0
2025-04-22,106.84104919433594,111.33499908447266,112.66999816894531,110.45500183105469,111.0,10114844.0
2025-04-23,110.68438720703125,115.33999633789062,115.69000244140625,111.5,112.0,21894324.0
2025-04-24,110.65559387207031,115.30999755859375,116.05000305175781,114.41500091552734,115.07499694824219,12282938.0
2025-04-25,107.97821044921875,112.5199966430664,116.5,111.62000274658203,115.34500122070312,13969344.0
2025-04-28,109.13937377929688,113.7300033569336,113.8949966430664,111.33999633789062,111.55000305175781,5953646.0
2025-04-29,109.33130645751953,113.93000030517578,115.66000366210938,113.06500244140625,113.99500274658203,6807976.0
2025-04-30,108.1077651977539,112.65499877929688,114.7750015258789,112.3550033569336,113.94000244140625,10047166.0
2025-05-02,105.63190460205078,110.07499694824219,112.80000305175781,109.0,112.0250015258789,7560322.0
2025-05-05,107.57037353515625,112.09500122070312,112.4749984741211,110.20999908447266,110.25,4585356.0
2025-05-06,106.10212707519531,110.56500244140625,112.94999694824219,110.31999969482422,112.09500122070312,4060374.0
2025-05-07,108.71234130859375,113.28500366210938,113.4749984741211,109.22000122070312,109.2750015258789,7529564.0
2025-05-08,105.69908142089844,110.1449966430664,113.98999786376953,109.25,113.05000305175781,6145026.0
2025-05-09,106.33724212646484,110.80999755859375,111.0,108.0999984741211,108.69499969482422,5864400.0
2025-05-12,110.97228240966797,115.63999938964844,115.94999694824219,112.79499816894531,113.58999633789062,7344388.0
2025-05-13,110.52124786376953,115.16999816894531,116.44499969482422,114.75,115.63999938964844,6125816.0
2025-05-14,112.53168487548828,117.26499938964844,117.94999694824219,115.0,115.5,10515502.0
2025-05-15,114.84920501708984,119.68000030517578,119.95500183105469,116.94999694824219,117.74500274658203,10136628.0
2025-05-16,113.87518310546875,118.66500091552734,120.6449966430664,118.28500366210938,120.0,13642966.0
2025-05-19,115.67929077148438,120.54499816894531,121.625,118.50499725341797,119.49500274658203,14642518.0
2025-05-20,116.0775375366211,120.95999908447266,124.7699966430664,120.3499984741211,122.5,34044772.0
2025-05-21,117.36825561523438,122.30500030517578,122.88999938964844,119.75,121.75499725341797,17467454.0
2025-05-22,116.60649871826172,119.4000015258789,120.70999908447266,118.16000366210938,120.0,14472238.0
2025-05-23,117.00202941894531,119.80500030517578,121.9000015258789,117.56999969482422,120.5,28329800.0
2025-05-26,117.13874816894531,119.94499969482422,120.94999694824219,118.5250015258789,120.9000015258789,31103998.0
2025-05-27,117.00690460205078,119.80999755859375,120.75,119.0,120.25,13957124.0
2025-05-28,116.52349090576172,119.31500244140625,121.2249984741211,119.07499694824219,120.0,14692904.0
2025-05-29,117.54891967773438,120.36499786376953,120.5999984741211,119.0250015258789,120.0,13373628.0
2025-05-30,115.25389862060547,118.01499938964844,120.38500213623047,117.55000305175781,120.36499786376953,20459598.0
2025-06-02,115.361328125,118.125,118.875,117.2300033569336,118.875,11181946.0
2025-06-03,115.29296875,118.05500030517578,118.86000061035156,117.94999694824219,118.76000213623047,11195000.0
2025-06-04,115.05369567871094,117.80999755859375,119.07499694824219,117.4749984741211,119.0,12071762.0
2025-06-05,114.22846221923828,116.96499633789062,118.44999694824219,116.3949966430664,118.44999694824219,14461902.0
2025-06-06,118.18859100341797,121.0199966430664,121.4000015258789,116.76499938964844,117.0250015258789,23821972.0
2025-06-09,118.7452621459961,121.58999633789062,122.38500213623047,120.95500183105469,121.5,11154574.0
2025-06-10,117.79795837402344,120.62000274658203,121.93499755859375,120.375,121.75,8002548.0
2025-06-11,117.19246673583984,120.0,121.23999786376953,119.5,120.6500015258789,13560528.0
2025-06-12,114.8632583618164,117.61499786376953,120.13500213623047,117.44499969482422,120.0,7131958.0
2025-06-13,114.65328979492188,117.4000015258789,117.6500015258789,115.29499816894531,116.0,8478438.0
2025-06-16,115.12205505371094,117.87999725341797,118.05500030517578,116.0250015258789,117.05000305175781,5949562.0
2025-06-17,114.51657104492188,117.26000213623047,118.25,116.9000015258789,117.59500122070312,4227886.0
2025-06-18,114.25777435302734,116.99500274658203,118.19499969482422,116.52999877929688,116.99500274658203,10098702.0
2025-06-19,113.70598602294922,116.43000030517578,118.13500213623047,115.66000366210938,116.87000274658203,8194360.0
2025-06-20,114.8241958618164,117.57499694824219,117.94999694824219,116.0199966430664,116.0199966430664,10280514.0
2025-06-23,115.56642150878906,118.33499908447266,119.12999725341797,116.08000183105469,116.51000213623047,6059600.0
2025-06-24,117.57333374023438,120.38999938964844,121.44999694824219,118.68499755859375,119.0999984741211,11889666.0
2025-06-25,119.44352722167969,122.30500030517578,122.56999969482422,120.81999969482422,121.5,14770642.0
2025-06-26,121.5481185913086,124.45999908447266,124.62999725341797,122.25,122.3499984741211,18988974.0
2025-06-27,121.94363403320312,124.86499786376953,125.94999694824219,124.66000366210938,125.19499969482422,10399732.0
2025-06-30,122.51983642578125,125.45500183105469,125.79000091552734,124.41000366210938,125.49500274658203,7429606.0
2025-07-01,122.85676574707031,125.80000305175781,126.1500015258789,123.875,125.2750015258789,7030766.0
2025-07-02,122.88117218017578,125.82499694824219,126.5,124.8499984741211,125.80000305175781,7080494.0
2025-07-03,122.31963348388672,125.25,127.0,124.92500305175781,126.0,10579878.0
2025-07-04,122.00223541259766,124.92500305175781,125.9000015258789,124.19999694824219,125.55000305175781,7290956.0
2025-07-07,121.97782135009766,124.9000015258789,125.2249984741211,123.8499984741211,124.92500305175781,4698604.0
2025-07-08,122.00223541259766,124.92500305175781,125.69999694824219,123.57499694824219,125.0,5972592.0
2025-07-09,122.51494598388672,125.44999694824219,125.94999694824219,124.9000015258789,125.17500305175781,10059130.0
2025-07-10,121.97782135009766,124.9000015258789,127.0,124.625,126.94999694824219,13209766.0
2025-07-11,120.24434661865234,123.125,125.55000305175781,122.9749984741211,125.25,10768796.0
2025-07-14,123.5159683227539,126.4749984741211,126.9749984741211,123.5,125.0,18222508.0
2025-07-15,122.51494598388672,125.44999694824219,127.19999694824219,124.32499694824219,126.92500305175781,11983088.0
2025-07-16,121.6848373413086,124.5999984741211,125.9000015258789,122.69999694824219,125.4000015258789,13686931.0
2025-07-17,120.85472106933594,123.75,125.1500015258789,123.30000305175781,125.0999984741211,6161202.0
2025-07-18,119.38982391357422,122.25,124.44999694824219,122.0,123.69999694824219,4990390.0
2025-07-21,121.88015747070312,124.80000305175781,125.25,121.69999694824219,122.8499984741211,8377482.0
2025-07-22,121.098876953125,124.0,125.4000015258789,123.75,125.4000015258789,9118516.0
2025-07-23,121.6848373413086,124.5999984741211,124.94999694824219,123.05000305175781,124.05000305175781,4574233.0
2025-07-24,121.88015747070312,124.80000305175781,125.44999694824219,124.3499984741211,124.5999984741211,10435772.0
2025-07-25,119.09683990478516,121.94999694824219,125.1500015258789,121.5999984741211,124.55000305175781,6422937.0
2025-07-28,119.87812042236328,122.75,125.0,121.5999984741211,121.94999694824219,10627268.0
2025-07-29,120.4152603149414,123.30000305175781,124.05000305175781,122.0999984741211,122.8499984741211,6535234.0
2025-07-30,119.04801177978516,121.9000015258789,123.3499984741211,121.5999984741211,123.30000305175781,5517480.0
2025-07-31,118.2178955078125,121.05000305175781,122.19999694824219,119.44999694824219,120.94999694824219,11333155.0
2025-08-01,117.53426361083984,120.3499984741211,121.25,117.72000122070312,121.05000305175781,13653423.0
2025-08-04,119.73162841796875,122.5999984741211,123.3499984741211,120.16000366210938,120.3499984741211,10209776.0
2025-08-05,119.11637115478516,121.97000122070312,122.9800033569336,121.30000305175781,122.5999984741211,5769803.0
2025-08-06,117.90538787841797,120.7300033569336,122.48999786376953,120.55000305175781,122.44999694824219,4414208.0
2025-08-07,117.00690460205078,119.80999755859375,121.54000091552734,118.16000366210938,120.0,10739005.0
2025-08-08,112.71961212158203,115.41999816894531,120.38999938964844,115.0999984741211,119.80999755859375,10860600.0
2025-08-11,117.21199035644531,120.0199966430664,120.33999633789062,114.95999908447266,115.9000015258789,13024457.0
2025-08-12,116.56743621826172,119.36000061035156,120.29000091552734,118.9000015258789,119.52999877929688,4155268.0
2025-08-13,116.92877960205078,119.7300033569336,121.05000305175781,119.1500015258789,119.69999694824219,4597540.0
2025-08-14,119.10660552978516,121.95999908447266,124.0,119.29000091552734,120.0,19020549.0
2025-08-18,128.6773223876953,131.75999450683594,132.8000030517578,125.0999984741211,125.0999984741211,80821577.0
2025-08-19,130.16175842285156,133.27999877929688,133.5500030517578,127.11000061035156,131.75999450683594,40387936.0
2025-08-20,129.98597717285156,133.10000610351562,134.30999755859375,132.1999969482422,134.3000030517578,20564141.0
2025-08-21,127.94486236572266,131.00999450683594,133.80999755859375,130.8000030517578,133.14999389648438,16695588.0
2025-08-22,128.1304168701172,131.1999969482422,132.10000610351562,129.6300048828125,131.00999450683594,11093419.0
2025-08-25,127.94486236572266,131.00999450683594,131.8699951171875,130.3699951171875,131.41000366210938,5255625.0
2025-08-26,128.2964324951172,131.3699951171875,132.36000061035156,129.91000366210938,130.50999450683594,13267634.0
2025-08-28,126.78272247314453,129.82000732421875,131.89999389648438,129.47999572753906,131.35000610351562,7709689.0
2025-08-29,124.00916290283203,126.9800033569336,130.24000549316406,126.76000213623047,129.67999267578125,10674470.0
2025-09-01,125.03459167480469,128.02999877929688,128.50999450683594,125.8499984741211,127.3499984741211,15300044.0
2025-09-02,127.3393783569336,130.38999938964844,132.7899932861328,128.4600067138672,128.7100067138672,15084908.0
2025-09-03,127.18312072753906,130.22999572753906,132.3800048828125,128.3000030517578,131.8000030517578,14455278.0
2025-09-04,125.01505279541016,128.00999450683594,132.66000366210938,126.54000091552734,132.39999389648438,20498606.0
2025-09-05,127.71048736572266,130.77000427246094,132.22999572753906,128.24000549316406,128.24000549316406,19576052.0
2025-09-08,134.07794189453125,137.2899932861328,138.1999969482422,131.3699951171875,132.0,33590663.0
2025-09-09,131.90011596679688,135.05999755859375,137.6999969482422,134.82000732421875,137.5399932861328,15017284.0
2025-09-10,130.8746795654297,134.00999450683594,136.1300048828125,132.72000122070312,135.97999572753906,15726944.0
2025-09-11,130.43519592285156,133.55999755859375,134.66000366210938,132.25999450683594,134.25999450683594,12684319.0
2025-09-12,130.9528045654297,134.08999633789062,136.13999938964844,132.77000427246094,133.60000610351562,18257240.0
2025-09-15,130.8063201904297,133.94000244140625,136.0,133.19000244140625,134.11000061035156,10539375.0
2025-09-16,131.39227294921875,134.5399932861328,135.57000732421875,133.99000549316406,134.3000030517578,9836983.0
2025-09-17,133.5701141357422,136.77000427246094,137.77000427246094,135.0,135.0,21279686.0
2025-09-18,135.5135498046875,138.75999450683594,139.5,135.72000122070312,137.42999267578125,15571795.0
2025-09-19,137.5937042236328,140.88999938964844,142.6300048828125,138.88999938964844,139.0,29812677.0
2025-09-22,136.15809631347656,139.4199981689453,141.75,139.00999450683594,140.99000549316406,12613982.0
2025-09-23,140.67001342773438,144.0399932861328,144.5,139.55999755859375,139.55999755859375,43630485.0
2025-09-24,138.93165588378906,142.25999450683594,143.99000549316406,139.60000610351562,142.5,36960853.0
2025-09-25,137.1640167236328,140.4499969482422,141.89999389648438,140.10000610351562,141.89999389648438,10954407.0
2025-09-26,138.609375,141.92999267578125,143.0,139.00999450683594,139.57000732421875,20914983.0
2025-09-29,139.08792114257812,142.4199981689453,144.14999389648438,141.3300018310547,142.0,16359612.0
2025-09-30,139.3320770263672,142.6699981689453,143.7899932861328,141.6300048828125,143.1300048828125,13913548.0
2025-10-01,137.92575073242188,141.22999572753906,143.8000030517578,140.8000030517578,143.0,12440118.0
2025-10-03,136.51943969726562,139.7899932861328,142.9499969482422,138.16000366210938,141.4199981689453,15561840.0
2025-10-06,134.5564727783203,137.77999877929688,140.5,137.47000122070312,139.7899932861328,12157023.0
2025-10-07,136.5585174560547,139.8300018310547,140.74000549316406,137.94000244140625,138.05999755859375,9538118.0
2025-10-08,136.10928344726562,139.3699951171875,141.60000610351562,139.0,140.8000030517578,10813847.0
2025-10-09,135.3963623046875,138.63999938964844,139.91000366210938,137.42999267578125,139.5,5658661.0
2025-10-10,134.3318634033203,137.5500030517578,139.52000427246094,137.39999389648438,138.8000030517578,6840339.0
2025-10-13,134.20489501953125,137.4199981689453,137.99000549316406,135.6999969482422,137.49000549316406,6553457.0
2025-10-14,132.24192810058594,135.41000366210938,138.38999938964844,134.6199951171875,137.92999267578125,8702406.0
2025-10-15,132.515380859375,135.69000244140625,136.4199981689453,135.1999969482422,135.5,9026819.0
2025-10-16,134.02911376953125,137.24000549316406,137.89999389648438,135.49000549316406,135.97999572753906,9950107.0
2025-10-17,131.36297607421875,134.50999450683594,137.6999969482422,134.2100067138672,137.35000610351562,15168999.0
2025-10-20,132.661865234375,135.83999633789062,137.2100067138672,135.55999755859375,135.99000549316406,6001026.0
2025-10-21,133.05250549316406,136.24000549316406,136.97999572753906,135.86000061035156,136.60000610351562,2918743.0
2025-10-23,134.62484741210938,137.85000610351562,139.4499969482422,136.4499969482422,137.0,12839861.0
2025-10-24,133.15994262695312,136.35000610351562,138.5,135.82000732421875,137.91000366210938,6291344.0
2025-10-27,137.51559448242188,140.80999755859375,141.19000244140625,136.5,136.52000427246094,16792519.0
2025-10-28,136.82220458984375,140.10000610351562,142.24000549316406,138.52000427246094,141.39999389648438,21334243.0
2025-10-29,136.21670532226562,139.47999572753906,140.63999938964844,138.4499969482422,140.47999572753906,8637758.0
2025-10-30,137.4765167236328,140.77000427246094,141.3000030517578,139.0,139.89999389648438,14765768.0
2025-10-31,138.21873474121094,141.52999877929688,143.63999938964844,140.9499969482422,140.9499969482422,18213013.0
2025-11-03,136.5585174560547,139.8300018310547,142.9499969482422,139.55999755859375,142.0,8798368.0
2025-11-04,137.1542510986328,140.44000244140625,140.8000030517578,138.11000061035156,139.4499969482422,8502046.0
2025-11-06,137.92575073242188,141.22999572753906,143.85000610351562,139.9199981689453,140.99000549316406,17435511.0
2025-11-07,137.97457885742188,141.27999877929688,141.64999389648438,138.8000030517578,141.0,4888203.0
2025-11-10,138.95120239257812,142.27999877929688,143.14999389648438,140.69000244140625,141.8000030517578,7609145.0
2025-11-11,142.6232147216797,146.0399932861328,146.77999877929688,142.25,142.97999572753906,17177183.0
2025-11-12,139.19534301757812,142.52999877929688,147.60000610351562,141.74000549316406,147.47000122070312,24925913.0
2025-11-13,146.8909912109375,150.41000366210938,151.4600067138672,143.6300048828125,144.86000061035156,53618730.0
2025-11-14,144.79127502441406,148.25999450683594,152.94000244140625,147.4600067138672,150.0,20695998.0
2025-11-17,144.97683715820312,148.4499969482422,149.69000244140625,147.60000610351562,149.5,10767304.0
2025-11-18,144.76052856445312,147.22999572753906,149.4499969482422,147.00999450683594,149.4499969482422,11015324.0
2025-11-19,143.0202178955078,145.4600067138672,147.64999389648438,144.89999389648438,147.14999389648438,5986604.0
2025-11-20,143.78713989257812,146.24000549316406,146.85000610351562,144.86000061035156,146.0800018310547,8625173.0
2025-11-21,142.2631378173828,144.69000244140625,146.77999877929688,143.7899932861328,146.5,10000648.0
2025-11-24,142.16481018066406,144.58999633789062,146.0,143.89999389648438,144.8000030517578,16912563.0
2025-11-25,143.38401794433594,145.8300018310547,148.9499969482422,144.50999450683594,144.58999633789062,21768360.0
2025-11-26,146.45167541503906,148.9499969482422,149.75,145.0,146.85000610351562,17859160.0
2025-11-27,157.07054138183594,159.75,162.0,149.5,149.6699981689453,90218203.0
2025-11-28,155.46786499023438,158.1199951171875,160.22999572753906,156.1999969482422,158.0,27495981.0
2025-12-01,157.61131286621094,160.3000030517578,161.39999389648438,156.6300048828125,158.25999450683594,24989252.0
2025-12-02,157.31634521484375,160.0,164.49000549316406,158.89999389648438,160.0,37354552.0
2025-12-03,159.98089599609375,162.7100067138672,163.14999389648438,159.5,160.30999755859375,21310659.0
2025-12-04,157.5228271484375,160.2100067138672,163.47999572753906,159.85000610351562,162.10000610351562,12196009.0
2025-12-05,158.1619110107422,160.86000061035156,161.2899932861328,159.50999450683594,160.91000366210938,10982958.0
2025-12-08,156.60841369628906,159.27999877929688,162.92999267578125,157.89999389648438,160.89999389648438,11422591.0
2025-12-09,156.90338134765625,159.5800018310547,160.2899932861328,155.5500030517578,159.1699981689453,13146291.0
2025-12-10,155.35971069335938,158.00999450683594,160.32000732421875,157.75999450683594,160.0,10266182.0
2025-12-11,157.64080810546875,160.3300018310547,161.19000244140625,157.10000610351562,158.5,11571887.0
2025-12-12,161.11160278320312,163.86000061035156,164.86000061035156,160.35000610351562,160.75,13731776.0
2025-12-15,164.02195739746094,166.82000732421875,167.13999938964844,162.50999450683594,163.8000030517578,16406561.0
2025-12-16,164.9363555908203,167.75,168.74000549316406,166.02999877929688,166.5,17495643.0
2025-12-17,163.3533477783203,166.13999938964844,167.5,165.07000732421875,167.5,7630563.0
2025-12-18,168.69229125976562,171.57000732421875,172.0500030517578,165.6300048828125,166.13999938964844,21614399.0
2025-12-19,170.64889526367188,173.55999755859375,174.5800018310547,170.6999969482422,172.0800018310547,16822313.0
2025-12-22,174.0803680419922,177.0500030517578,178.0,174.61000061035156,174.61000061035156,17655028.0
2025-12-23,174.97511291503906,177.9600067138672,178.1999969482422,175.5800018310547,177.0800018310547,8542554.0
2025-12-24,172.3695526123047,175.30999755859375,178.3000030517578,174.75999450683594,178.10000610351562,8846615.0
2025-12-26,171.75010681152344,174.67999267578125,175.99000549316406,173.27000427246094,175.2100067138672,5686108.0
2025-12-29,171.986083984375,174.9199981689453,176.0500030517578,173.3800048828125,174.67999267578125,9026929.0
2025-12-30,175.6338653564453,178.6300048828125,179.97000122070312,174.00999450683594,175.5,58790880.0
2025-12-31,176.18447875976562,179.19000244140625,180.33999633789062,176.6999969482422,178.47999572753906,12570359.0
2026-01-01,181.77903747558594,184.8800048828125,185.55999755859375,178.80999755859375,179.19000244140625,26287021.0
2026-01-02,185.61361694335938,188.77999877929688,190.0,183.77000427246094,185.0,25388934.0
2026-01-05,184.6107177734375,187.75999450683594,191.8000030517578,186.0500030517578,189.0,17083159.0
2026-01-06,183.02772521972656,186.14999389648438,189.1699981689453,184.9199981689453,187.85000610351562,9072320.0
2026-01-07,182.99822998046875,186.1199951171875,186.8300018310547,184.55999755859375,186.1999969482422,9482575.0
2026-01-08,181.42507934570312,184.52000427246094,186.3000030517578,184.00999450683594,186.0,9093468.0
2026-01-09,184.6107177734375,187.75999450683594,190.75999450683594,183.89999389648438,184.10000610351562,25410790.0
2026-01-12,183.87330627441406,187.00999450683594,189.64999389648438,183.33999633789062,189.6300048828125,13071854.0
2026-01-13,182.5852813720703,185.6999969482422,187.89999389648438,184.0500030517578,187.0500030517578,6855429.0
2026-01-14,183.7553253173828,186.88999938964844,187.69000244140625,184.14999389648438,185.2100067138672,7446179.0
2026-01-15,183.7553253173828,186.88999938964844,186.88999938964844,186.88999938964844,186.88999938964844,0.0
2026-01-16,181.15960693359375,184.25,186.66000366210938,183.75,185.92999267578125,26684199.0
2026-01-19,184.8270263671875,187.97999572753906,188.5,182.33999633789062,183.10000610351562,10612728.0
2026-01-20,177.75762939453125,180.7899932861328,189.75,179.5,188.92999267578125,15758631.0
2026-01-21,178.20008850097656,181.24000549316406,183.1999969482422,176.8300018310547,179.9199981689453,20759934.0
2026-01-22,187.0884552001953,190.27999877929688,191.44000244140625,184.52999877929688,185.3000030517578,20314511.0
2026-01-23,189.7431640625,192.97999572753906,199.2100067138672,190.0,192.0,32467563.0
2026-01-27,189.76283264160156,193.0,194.14999389648438,188.0,192.25999450683594,23069013.0
2026-01-28,192.0537567138672,195.3300018310547,196.69000244140625,189.4600067138672,193.89999389648438,20044566.0
2026-01-29,190.8050537109375,194.05999755859375,196.39999389648438,191.9199981689453,196.39999389648438,10560396.0
2026-01-30,193.3909454345703,196.69000244140625,198.0,191.9199981689453,192.89999389648438,14239171.0
2026-02-02,191.13934326171875,194.39999389648438,195.0,185.52000427246094,189.77000427246094,14956648.0
2026-02-03,196.51760864257812,199.8699951171875,203.0,196.02000427246094,203.0,16548292.0
2026-02-04,197.54998779296875,200.9199981689453,205.19000244140625,199.0500030517578,201.74000549316406,22146705.0
2026-02-05,198.12026977539062,201.5,202.86000061035156,200.0,201.25,14809572.0
2026-02-06,198.45455932617188,201.83999633789062,203.0,199.25999450683594,201.5,9580410.0
2026-02-09,202.34814453125,205.8000030517578,206.3800048828125,200.7899932861328,202.8000030517578,9662823.0
2026-02-10,206.21221923828125,209.72999572753906,211.0,204.9199981689453,206.6999969482422,12114047.0
2026-02-11,202.88893127441406,206.35000610351562,215.4199981689453,202.55999755859375,210.5,53661132.0
2026-02-12,207.4805908203125,211.02000427246094,212.35000610351562,204.6300048828125,206.39999389648438,36604082.0
2026-02-13,201.19776916503906,204.6300048828125,212.8699951171875,203.8000030517578,210.1199951171875,26832686.0
2026-02-16,202.40713500976562,205.86000061035156,206.88999938964844,203.0,204.9499969482422,11066053.0
2026-02-17,204.1966094970703,207.67999267578125,208.25,203.86000061035156,205.86000061035156,7435573.0
2026-02-18,204.8455352783203,208.33999633789062,209.64999389648438,207.10000610351562,208.5,7339062.0
2026-02-19,200.07688903808594,203.49000549316406,208.61000061035156,202.27999877929688,208.3000030517578,9638504.0
2026-02-20,205.3470001220703,208.85000610351562,209.36000061035156,201.80999755859375,202.55999755859375,14624480.0
2026-02-23,207.22494506835938,210.75999450683594,211.75,208.9600067138672,209.75999450683594,8533992.0
2026-02-24,206.65467834472656,210.17999267578125,211.02000427246094,208.6199951171875,209.0,12888307.0
2026-02-25,208.06069946289062,211.61000061035156,213.6999969482422,209.6300048828125,210.4600067138672,13401777.0
2026-02-26,208.36549377441406,211.9199981689453,212.88999938964844,210.32000732421875,211.64999389648438,7744469.0
2026-02-27,207.5592498779297,211.10000610351562,214.10000610351562,210.4199981689453,211.9199981689453,13962660.0
2026-03-02,205.50430297851562,209.00999450683594,212.89999389648438,200.0500030517578,200.0500030517578,17727577.0
2026-03-04,197.09771728515625,200.4600067138672,207.17999267578125,197.13999938964844,206.8000030517578,28728295.0
2026-03-05,199.63442993164062,203.0399932861328,203.99000549316406,196.94000244140625,201.0399932861328,17821008.0
2026-03-06,191.4048309326172,194.6699981689453,202.49000549316406,194.1199951171875,202.49000549316406,23585465.0
2026-03-09,183.8044891357422,186.94000244140625,190.4499969482422,182.66000366210938,190.4499969482422,22595249.0
2026-03-10,190.31344604492188,193.55999755859375,195.1699981689453,191.0,191.5,17754507.0
2026-03-11,181.56272888183594,184.66000366210938,195.3800048828125,183.8800048828125,194.38999938964844,28300159.0
2026-03-12,175.47654724121094,178.47000122070312,184.97000122070312,177.00999450683594,184.66000366210938,44243228.0
2026-03-13,167.78770446777344,170.64999389648438,176.60000610351562,169.41000366210938,176.60000610351562,27176714.0
2026-03-16,169.87216186523438,172.77000427246094,174.89999389648438,168.6999969482422,169.3000030517578,21338066.0
2026-03-17,173.1561279296875,176.11000061035156,176.60000610351562,171.6999969482422,174.0,20890037.0
2026-03-18,175.6240234375,178.6199951171875,180.00999450683594,175.50999450683594,176.64999389648438,12316122.0
2026-03-19,165.7425994873047,168.57000732421875,175.9499969482422,167.88999938964844,175.9499969482422,19935868.0
2026-03-20,166.05723571777344,168.88999938964844,172.6699981689453,166.3300018310547,171.0800018310547,38794799.0
2026-03-23,159.26312255859375,161.97999572753906,167.05999755859375,160.91000366210938,167.05999755859375,23531787.0
2026-03-24,164.32675170898438,167.1300048828125,168.00999450683594,162.3000030517578,166.3000030517578,16357599.0
2026-03-25,168.08267211914062,170.9499969482422,172.9199981689453,169.7899932861328,169.8699951171875,13077297.0
2026-03-27,160.35450744628906,163.08999633789062,170.0,162.85000610351562,170.0,21631702.0
2026-03-30,151.5447998046875,154.1300048828125,160.8300018310547,153.55999755859375,159.3000030517578,51508097.0
2026-04-01,146.60899353027344,149.11000061035156,162.86000061035156,148.0,154.14999389648438,89347607.0
2026-04-02,145.9502410888672,148.44000244140625,149.13999938964844,143.1300048828125,147.39999389648438,33940797.0
2026-04-06,148.37881469726562,150.91000366210938,151.52000427246094,145.14999389648438,149.0,23012980.0
2026-04-07,150.3649139404297,152.92999267578125,153.4499969482422,146.13999938964844,150.0,20832098.0
2026-04-08,169.58700561523438,172.47999572753906,173.16000366210938,162.94000244140625,165.10000610351562,102302775.0
2026-04-09,167.52224731445312,170.3800048828125,174.75,169.00999450683594,172.8000030517578,34385107.0
2026-04-10,175.0341033935547,178.02000427246094,178.3800048828125,172.1300048828125,172.89999389648438,39293953.0
2026-04-13,169.17405700683594,172.05999755859375,174.0,170.39999389648438,172.0,21624635.0
2026-04-15,172.5366973876953,175.47999572753906,179.08999633789062,175.0,176.9600067138672,21564266.0
2026-04-16,173.76573181152344,176.72999572753906,177.88999938964844,174.75,177.8000030517578,15255848.0
2026-04-17,171.8484344482422,174.77999877929688,177.47000122070312,173.1699981689453,177.47000122070312,21780071.0
2026-04-20,173.00865173339844,175.9600067138672,177.44000244140625,172.7899932861328,175.32000732421875,11967504.0
2026-04-21,173.6477508544922,176.61000061035156,178.8800048828125,175.97999572753906,176.0,11828616.0
2026-04-22,175.96815490722656,178.97000122070312,181.38999938964844,175.60000610351562,176.5,19948964.0
2026-04-23,167.76805114746094,170.6300048828125,177.7899932861328,169.25,177.0,33563795.0
2026-04-24,167.05027770996094,169.89999389648438,172.1999969482422,168.3699951171875,170.69000244140625,13081619.0
2026-04-27,166.46035766601562,169.3000030517578,171.49000549316406,167.75,170.67999267578125,15010298.0
2026-04-28,164.71022033691406,167.52000427246094,172.00999450683594,167.00999450683594,169.25999450683594,17796360.0
2026-04-29,162.95022583007812,165.72999572753906,169.25999450683594,165.11000061035156,168.35000610351562,16722649.0
2026-04-30,159.37127685546875,162.08999633789062,164.72000122070312,160.25999450683594,164.72000122070312,22015141.0
2026-05-01,159.37127685546875,162.08999633789062,162.08999633789062,162.08999633789062,162.08999633789062,0.0
2026-05-04,158.07342529296875,160.77000427246094,164.0500030517578,159.10000610351562,162.2899932861328,19498224.0
2026-05-05,157.56214904785156,160.25,161.66000366210938,158.58999633789062,160.0,12578926.0
2026-05-06,164.9855194091797,167.8000030517578,169.11000061035156,160.5,163.5,22189983.0
2026-05-07,167.91552734375,170.77999877929688,172.8000030517578,166.41000366210938,168.99000549316406,28275087.0
2026-05-08,165.7425994873047,168.57000732421875,170.0,167.27000427246094,170.0,15023366.0
2026-05-11,158.81085205078125,161.52000427246094,166.3800048828125,161.0,166.3800048828125,15637259.0
2026-05-12,153.3342742919922,155.9499969482422,161.47000122070312,155.10000610351562,160.8000030517578,15383319.0
2026-05-13,150.64022827148438,153.2100067138672,157.36000061035156,152.75999450683594,155.9499969482422,25946243.0
2026-05-14,151.7512664794922,154.33999633789062,155.3800048828125,149.88999938964844,154.08999633789062,43395207.0
2026-05-15,150.5615692138672,153.1300048828125,157.35000610351562,152.1199951171875,154.60000610351562,23889114.0
2026-05-18,148.60494995117188,151.13999938964844,152.0,148.75999450683594,152.0,18556084.0
2026-05-19,148.84092712402344,151.3800048828125,153.16000366210938,149.02000427246094,150.61000061035156,22007430.0
2026-05-20,151.0335235595703,153.61000061035156,154.5,148.8000030517578,150.0,24202471.0
2026-05-21,151.888916015625,154.47999572753906,158.47999572753906,153.75,156.0,23665678.0
2026-05-22,155.55636596679688,158.2100067138672,158.74000549316406,154.0500030517578,155.0,18694921.0
2026-05-25,161.32791137695312,164.0800018310547,165.8000030517578,160.10000610351562,160.10000610351562,30680951.0
2026-05-26,157.84727478027344,160.5399932861328,164.3000030517578,159.72999572753906,164.27999877929688,24236258.0
2026-05-27,160.87562561035156,163.6199951171875,164.10000610351562,159.4499969482422,160.83999633789062,21717793.0
2026-05-28,160.87562561035156,163.6199951171875,163.6199951171875,163.6199951171875,163.6199951171875,0.0
2026-05-29,152.83282470703125,155.44000244140625,165.6999969482422,154.86000061035156,165.66000366210938,87249539.0
2026-06-01,147.26776123046875,149.77999877929688,157.60000610351562,149.4199981689453,157.02999877929688,34095725.0
2026-06-02,146.5500030517578,149.0500030517578,150.13999938964844,145.5,145.5,43162735.0
2026-06-03,145.83999633789062,145.83999633789062,147.8000030517578,142.1999969482422,147.19000244140625,50124149.0
2026-06-04,144.44000244140625,144.44000244140625,147.22000122070312,144.10000610351562,145.83999633789062,23281041.0
2026-06-05,145.2899932861328,145.2899932861328,146.52999877929688,143.8000030517578,146.0,22386114.0
2026-06-08,141.02000427246094,141.02000427246094,142.42999267578125,140.30999755859375,140.6999969482422,28542451.0
2026-06-09,143.8000030517578,143.8000030517578,144.3800048828125,141.02000427246094,141.75,24754008.0
2026-06-10,141.5399932861328,141.5399932861328,145.3000030517578,141.0,145.10000610351562,15750037.0
2026-06-11,138.5800018310547,138.5800018310547,140.89999389648438,138.02999877929688,140.89999389648438,20433240.0
2026-06-12,152.4499969482422,152.4499969482422,153.4499969482422,142.6999969482422,143.22000122070312,69272916.0
2026-06-15,157.6999969482422,157.6999969482422,160.8000030517578,157.25,159.0,55366732.0
2026-06-16,158.5,158.5,160.88999938964844,157.25999450683594,160.0,30648520.0
2026-06-17,159.57000732421875,159.57000732421875,160.25,158.07000732421875,159.89999389648438,24024482.0
2026-06-18,158.4499969482422,158.4499969482422,159.5,157.3000030517578,159.30999755859375,11460094.0
2026-06-19,156.66000366210938,156.66000366210938,158.17999267578125,155.52999877929688,157.88999938964844,15870225.0
2026-06-22,157.19000244140625,157.19000244140625,158.3000030517578,155.5500030517578,156.94000244140625,19817368.0
2026-06-23,151.4600067138672,151.4600067138672,157.19000244140625,150.3000030517578,157.10000610351562,20941481.0
2026-06-24,154.91000366210938,154.91000366210938,155.6300048828125,150.8000030517578,151.4600067138672,18034532.0
2026-06-25,160.67999267578125,160.67999267578125,162.1999969482422,156.50999450683594,156.60000610351562,60935591.0
2026-06-26,160.67999267578125,160.67999267578125,160.67999267578125,160.67999267578125,160.67999267578125,0.0
2026-06-29,157.36000061035156,157.36000061035156,160.63999938964844,156.60000610351562,160.0,62382187.0
2026-06-30,157.6999969482422,157.6999969482422,159.8699951171875,155.75999450683594,159.05999755859375,21647894.0
2026-07-01,162.32000732421875,162.32000732421875,165.75,157.88999938964844,157.88999938964844,41112595.0
2026-07-02,164.72999572753906,164.72999572753906,165.55999755859375,162.6199951171875,164.0,27360903.0
2026-07-03,164.35000610351562,164.35000610351562,167.5500030517578,163.7100067138672,166.0,20821054.0
2026-07-06,166.1199951171875,166.1199951171875,167.35000610351562,162.64999389648438,164.60000610351562,13906092.0
2026-07-07,164.16000366210938,164.16000366210938,167.0,163.58999633789062,166.69000244140625,9030277.0
2026-07-08,156.22000122070312,156.22000122070312,163.85000610351562,155.00999450683594,161.83999633789062,25876039.0
2026-07-09,155.19000244140625,155.19000244140625,158.85000610351562,155.00999450683594,157.10000610351562,17319661.0
2026-07-10,157.49000549316406,157.49000549316406,157.89999389648438,155.6999969482422,157.7100067138672,17409676.0
2026-07-13,159.22000122070312,159.22000122070312,160.3699951171875,153.3000030517578,154.3000030517578,17695602.0
2026-07-14,155.19000244140625,155.19000244140625,156.89999389648438,153.85000610351562,156.5,24653297.0
2026-07-15,156.52000427246094,156.52000427246094,157.8699951171875,155.75,155.99000549316406,11779297.0
2026-07-16,154.8699951171875,154.8699951171875,158.5800018310547,154.4199981689453,156.69000244140625,14437695.0
2026-07-17,155.22999572753906,155.22999572753906,156.0800018310547,154.3000030517578,155.0,10055243.0
2026-07-20,154.8000030517578,154.8000030517578,155.5,152.8300018310547,154.4600067138672,9115147.0
2026-07-21,153.94000244140625,153.94000244140625,155.67999267578125,152.1699981689453,154.0399932861328,12234779.0
2026-07-22,152.49000549316406,152.49000549316406,154.75,151.77999877929688,153.94000244140625,8774983.0
2026-07-23,150.64999389648438,150.64999389648438,153.55999755859375,150.32000732421875,152.0,9283302.0
2026-07-24,151.07000732421875,151.07000732421875,151.3800048828125,147.58999633789062,150.0,12276303.0
2026-07-27,155.05999755859375,155.05999755859375,155.25999450683594,152.83999633789062,153.50999450683594,9544585.0
2026-07-28,157.5,157.5,158.75,154.0399932861328,155.39999389648438,14300744.0
2026-07-29,157.9600067138672,157.9600067138672,159.49000549316406,156.61000061035156,157.97000122070312,13880649.0
2026-07-30,158.08999633789062,158.08999633789062,159.5,155.5500030517578,157.9600067138672,14946734.0
2026-07-31,166.17999267578125,166.17999267578125,166.6999969482422,159.1699981689453,159.89999389648438,47542706.0
2026-08-03,174.5500030517578,174.5500030517578,175.0,169.1300048828125,169.27999877929688,47817945.0
2026-08-04,172.0800018310547,172.0800018310547,175.16000366210938,172.0800018310547,175.0,15240052.0
2026-08-05,177.0,177.0,178.14999389648438,173.0,174.0,29599387.0
2026-08-06,177.5,177.5,177.85000610351562,175.2899932861328,176.99000549316406,15063477.0
2026-08-07,177.5,177.5,177.99000549316406,175.5,177.0,11282040.0
2026-08-10,174.0,174.0,179.0,173.8000030517578,177.5,14528731.0
2026-08-11,174.8300018310547,174.8300018310547,176.3300018310547,172.0,173.61000061035156,16455927.0
2026-08-12,176.6999969482422,176.6999969482422,177.3800048828125,174.42999267578125,174.8300018310547,10612472.0
2026-08-13,176.22999572753906,176.22999572753906,182.6999969482422,176.22999572753906,177.39999389648438,28284903.0
2026-08-14,171.63999938964844,171.63999938964844,179.5,169.75,177.11000061035156,39171573.0
2026-08-17,177.10000610351562,177.10000610351562,179.10000610351562,171.97999572753906,171.99000549316406,38086255.0
2026-08-18,176.35000610351562,176.35000610351562,177.58999633789062,174.5,177.0,14208948.0
2026-08-19,173.10000610351562,173.10000610351562,176.10000610351562,173.10000610351562,175.0,10072866.0
2026-08-20,173.8000030517578,173.8000030517578,175.57000732421875,172.61000061035156,174.6999969482422,5408765.0
2026-08-21,173.0,173.0,173.69000244140625,172.3000030517578,173.16000366210938,5801819.0
2026-08-24,173.2899932861328,173.2899932861328,173.66000366210938,171.64999389648438,173.0,8972453.0
2026-08-25,174.69000244140625,174.69000244140625,174.69000244140625,171.5800018310547,172.36000061035156,8635802.0
2026-08-26,179.0500030517578,179.0500030517578,179.5,175.41000366210938,175.57000732421875,17868582.0
2026-08-27,177.39999389648438,177.39999389648438,181.83999633789062,176.7899932861328,180.60000610351562,14150948.0
2026-08-28,175.77000427246094,175.77000427246094,178.17999267578125,174.80999755859375,178.0,11814260.0
2026-08-31,175.63999938964844,175.63999938964844,176.60000610351562,173.82000732421875,175.0,14333497.0
2026-09-01,170.52999877929688,170.52999877929688,176.5,168.52999877929688,176.5,16860146.0
2026-09-02,167.89999389648438,167.89999389648438,169.2899932861328,165.02000427246094,169.11000061035156,16412854.0
2026-09-03,169.35000610351562,169.35000610351562,169.35000610351562,166.0500030517578,168.5,9119654.0
2026-09-04,169.0,169.0,173.2899932861328,168.17999267578125,168.97999572753906,13509881.0
2026-09-07,,,172.1300048828125,168.39999389648438,170.0,10424912.0
