Date,Adj Close,Close,High,Low,Open,Volume
2025-01-02,110.85013580322266,149.0,150.0,148.0,149.0,12061600.0
2025-01-03,111.59410095214844,150.0,151.0,149.0,149.0,9782200.0
2025-01-06,110.85013580322266,149.0,151.0,149.0,150.0,8433200.0
2025-01-07,110.85013580322266,149.0,151.0,148.0,150.0,19596200.0
2025-01-08,110.85013580322266,149.0,150.0,148.0,149.0,10473300.0
2025-01-09,110.85013580322266,149.0,150.0,148.0,149.0,5118400.0
2025-01-10,110.85013580322266,149.0,150.0,148.0,149.0,4732800.0
2025-01-13,109.36222076416016,147.0,150.0,147.0,149.0,11887500.0
2025-01-14,109.36222076416016,147.0,149.0,147.0,147.0,7397300.0
2025-01-15,110.10618591308594,148.0,149.0,146.0,147.0,16464400.0
2025-01-16,109.36222076416016,147.0,149.0,147.0,148.0,15777500.0
2025-01-17,110.10618591308594,148.0,149.0,147.0,147.0,12375700.0
2025-01-20,110.10618591308594,148.0,149.0,147.0,149.0,10733900.0
2025-01-21,110.10618591308594,148.0,149.0,147.0,148.0,11429700.0
2025-01-22,110.10618591308594,148.0,148.0,147.0,148.0,18237900.0
2025-01-23,110.10618591308594,148.0,149.0,147.0,148.0,10742300.0
2025-01-24,110.10618591308594,148.0,149.0,148.0,148.0,5512000.0
2025-01-30,109.36222076416016,147.0,149.0,146.0,148.0,13238700.0
2025-01-31,109.36222076416016,147.0,148.0,146.0,147.0,7938000.0
2025-02-03,107.87429809570312,145.0,147.0,144.0,147.0,24133400.0
2025-02-04,107.13033294677734,144.0,147.0,144.0,144.0,11913000.0
2025-02-05,106.3863754272461,143.0,146.0,143.0,145.0,28384200.0
2025-02-06,102.66658020019531,138.0,144.0,138.0,143.0,46551700.0
2025-02-07,104.89845275878906,141.0,141.0,138.0,139.0,15107400.0
2025-02-10,102.66658020019531,138.0,141.0,137.0,141.0,13782600.0
2025-02-11,101.17864990234375,136.0,139.0,135.0,138.0,20880500.0
2025-02-12,100.4346923828125,135.0,137.0,134.0,136.0,10948400.0
2025-02-13,103.41053771972656,139.0,140.0,136.0,136.0,17875600.0
2025-02-14,105.64241790771484,142.0,144.0,140.0,140.0,19734400.0
2025-02-17,105.64241790771484,142.0,144.0,141.0,143.0,10404100.0
2025-02-18,104.15449523925781,140.0,143.0,139.0,142.0,19508700.0
2025-02-19,102.66658020019531,138.0,140.0,138.0,140.0,15309200.0
2025-02-20,101.92261505126953,137.0,139.0,137.0,138.0,11290200.0
2025-02-21,101.92261505126953,137.0,139.0,136.0,137.0,7573700.0
2025-02-24,101.17864990234375,136.0,138.0,135.0,137.0,11459600.0
2025-02-25,100.4346923828125,135.0,137.0,135.0,136.0,15555800.0
2025-02-26,99.69072723388672,134.0,136.0,134.0,135.0,11383700.0
2025-02-27,98.94677734375,133.0,135.0,131.0,134.0,24742100.0
2025-02-28,96.71488952636719,130.0,134.0,128.0,134.0,31533000.0
2025-03-03,97.45885467529297,131.0,134.0,129.0,130.0,30808100.0
2025-03-04,97.45885467529297,131.0,133.0,129.0,131.0,11148400.0
2025-03-05,98.94677734375,133.0,134.0,130.0,131.0,11921200.0
2025-03-06,99.69072723388672,134.0,135.0,132.0,133.0,13791000.0
2025-03-07,97.45885467529297,131.0,135.0,131.0,134.0,13915700.0
2025-03-10,98.94677734375,133.0,134.0,131.0,132.0,16037200.0
2025-03-11,97.45885467529297,131.0,134.0,130.0,133.0,15693600.0
2025-03-12,101.17864990234375,136.0,137.0,131.0,131.0,19203600.0
2025-03-13,101.92261505126953,137.0,139.0,136.0,136.0,14437500.0
2025-03-14,101.92261505126953,137.0,139.0,136.0,137.0,17510900.0
2025-03-17,100.4346923828125,135.0,139.0,135.0,137.0,20031200.0
2025-03-18,98.20281219482422,132.0,137.0,131.0,135.0,28209100.0
2025-03-19,98.94677734375,133.0,134.0,131.0,132.0,10766400.0
2025-03-20,101.17864990234375,136.0,137.0,132.0,133.0,8803900.0
2025-03-21,100.4346923828125,135.0,136.0,133.0,136.0,8940700.0
2025-03-24,98.94677734375,133.0,135.0,131.0,135.0,15830600.0
2025-03-25,98.94677734375,133.0,134.0,132.0,133.0,11175300.0
2025-03-26,101.17864990234375,136.0,137.0,133.0,134.0,13103800.0
2025-03-27,101.17864990234375,136.0,137.0,135.0,136.0,3457400.0
2025-04-08,95.97093200683594,129.0,132.0,127.0,130.0,37657100.0
2025-04-09,97.45885467529297,131.0,132.0,129.0,130.0,18884700.0
2025-04-10,100.4346923828125,135.0,136.0,133.0,133.0,11817600.0
2025-04-11,99.69072723388672,134.0,135.0,133.0,135.0,4813700.0
2025-04-14,102.66658020019531,138.0,138.0,134.0,134.0,23890500.0
2025-04-15,104.15449523925781,140.0,142.0,138.0,138.0,17919500.0
2025-04-16,104.15449523925781,140.0,142.0,139.0,141.0,5928600.0
2025-04-17,105.64241790771484,142.0,142.0,139.0,140.0,17309300.0
2025-04-21,106.3863754272461,143.0,145.0,142.0,142.0,12267600.0
2025-04-22,107.87429809570312,145.0,145.0,142.0,143.0,6106300.0
2025-04-23,107.87429809570312,145.0,146.0,144.0,145.0,14762800.0
2025-04-24,109.36222076416016,147.0,147.0,144.0,145.0,14675300.0
2025-04-25,112.33806610107422,151.0,151.0,146.0,147.0,49167100.0
2025-04-28,132.4250030517578,178.0,179.0,152.0,152.0,938727800.0
2025-04-29,130.9370880126953,176.0,185.0,173.0,180.0,684594200.0
2025-04-30,129.44915771484375,174.0,179.0,173.0,178.0,269694200.0
2025-05-02,130.19313049316406,175.0,176.0,172.0,175.0,229699900.0
2025-05-05,130.9370880126953,176.0,178.0,174.0,176.0,299777200.0
2025-05-06,130.9370880126953,176.0,177.0,173.0,176.0,315077300.0
2025-05-07,130.9370880126953,176.0,176.0,174.0,176.0,628153600.0
2025-05-08,133.60926818847656,150.0,150.0,150.0,150.0,82963000.0
2025-05-09,122.9205322265625,138.0,147.0,138.0,146.0,427909000.0
2025-05-14,125.59271240234375,141.0,145.0,139.0,139.0,174246800.0
2025-05-15,124.70198822021484,140.0,143.0,140.0,141.0,96482100.0
2025-05-16,127.3741683959961,143.0,144.0,141.0,141.0,79840400.0
2025-05-19,129.15562438964844,145.0,145.0,142.0,144.0,85991900.0
2025-05-20,129.15562438964844,145.0,148.0,145.0,145.0,140416600.0
2025-05-21,129.15562438964844,145.0,147.0,144.0,146.0,68447700.0
2025-05-22,129.15562438964844,145.0,145.0,143.0,144.0,63785300.0
2025-05-23,128.264892578125,144.0,145.0,143.0,145.0,21048000.0
2025-05-26,127.3741683959961,143.0,145.0,142.0,144.0,50450000.0
2025-05-27,126.48344421386719,142.0,144.0,141.0,143.0,38260400.0
2025-05-28,125.59271240234375,141.0,143.0,140.0,143.0,51388200.0
2025-06-02,125.59271240234375,141.0,142.0,139.0,141.0,92186200.0
2025-06-03,124.70198822021484,140.0,141.0,139.0,141.0,33591400.0
2025-06-04,123.8112564086914,139.0,141.0,139.0,140.0,35878500.0
2025-06-05,123.8112564086914,139.0,141.0,139.0,139.0,24533600.0
2025-06-10,124.70198822021484,140.0,142.0,139.0,139.0,38251800.0
2025-06-11,124.70198822021484,140.0,141.0,140.0,141.0,31584600.0
2025-06-12,127.3741683959961,143.0,144.0,140.0,141.0,74863200.0
2025-06-13,125.59271240234375,141.0,143.0,141.0,143.0,25526700.0
2025-06-16,124.70198822021484,140.0,142.0,140.0,141.0,34918000.0
2025-06-17,125.59271240234375,141.0,142.0,140.0,141.0,22498100.0
2025-06-18,124.70198822021484,140.0,142.0,140.0,141.0,19642200.0
2025-06-19,122.02980041503906,137.0,141.0,136.0,140.0,129306600.0
2025-06-20,121.13906860351562,136.0,138.0,136.0,137.0,57244800.0
2025-06-23,120.24834442138672,135.0,137.0,133.0,135.0,62283700.0
2025-06-24,121.13906860351562,136.0,138.0,136.0,136.0,48999200.0
2025-06-25,121.13906860351562,136.0,137.0,135.0,136.0,31606900.0
2025-06-26,121.13906860351562,136.0,137.0,134.0,135.0,46718900.0
2025-06-30,122.9205322265625,138.0,138.0,136.0,136.0,26940700.0
2025-07-01,122.02980041503906,137.0,139.0,137.0,138.0,21083200.0
2025-07-02,122.02980041503906,137.0,138.0,136.0,138.0,26234000.0
2025-07-03,122.9205322265625,138.0,139.0,136.0,137.0,17754000.0
2025-07-04,122.02980041503906,137.0,138.0,136.0,138.0,19802500.0
2025-07-07,122.9205322265625,138.0,138.0,136.0,137.0,29307700.0
2025-07-08,122.02980041503906,137.0,138.0,136.0,138.0,18253400.0
2025-07-09,122.9205322265625,138.0,138.0,137.0,138.0,28358800.0
2025-07-10,123.8112564086914,139.0,140.0,137.0,138.0,27608200.0
2025-07-11,123.8112564086914,139.0,141.0,138.0,140.0,38464000.0
2025-07-14,123.8112564086914,139.0,141.0,138.0,139.0,37935200.0
2025-07-15,125.59271240234375,141.0,141.0,138.0,139.0,42749200.0
2025-07-16,126.48344421386719,142.0,143.0,141.0,141.0,30225900.0
2025-07-17,127.3741683959961,143.0,144.0,142.0,143.0,45849700.0
2025-07-18,126.48344421386719,142.0,144.0,141.0,144.0,39359800.0
2025-07-21,129.15562438964844,145.0,145.0,142.0,142.0,68391500.0
2025-07-22,132.71853637695312,149.0,154.0,144.0,145.0,209232900.0
2025-07-23,130.04635620117188,146.0,151.0,146.0,151.0,67870800.0
2025-07-24,130.04635620117188,146.0,148.0,145.0,147.0,43509200.0
2025-07-25,128.264892578125,144.0,146.0,142.0,146.0,50869100.0
2025-07-28,128.264892578125,144.0,145.0,143.0,144.0,37265700.0
2025-07-29,129.15562438964844,145.0,145.0,143.0,144.0,26618000.0
2025-07-30,123.8112564086914,139.0,142.0,139.0,142.0,104216100.0
2025-07-31,122.9205322265625,138.0,141.0,138.0,139.0,40637600.0
2025-08-01,123.8112564086914,139.0,140.0,138.0,138.0,28380900.0
2025-08-04,123.8112564086914,139.0,140.0,137.0,139.0,33072900.0
2025-08-05,123.8112564086914,139.0,140.0,138.0,139.0,25580800.0
2025-08-06,123.8112564086914,139.0,140.0,138.0,139.0,26571800.0
2025-08-07,122.02980041503906,137.0,140.0,137.0,139.0,48817100.0
2025-08-08,122.9205322265625,138.0,139.0,137.0,138.0,32718300.0
2025-08-11,122.9205322265625,138.0,139.0,137.0,138.0,32704400.0
2025-08-12,123.8112564086914,139.0,141.0,138.0,139.0,40352800.0
2025-08-13,123.8112564086914,139.0,141.0,138.0,140.0,37440600.0
2025-08-14,123.8112564086914,139.0,141.0,139.0,139.0,36421000.0
2025-08-15,123.8112564086914,139.0,140.0,139.0,139.0,21613100.0
2025-08-19,123.8112564086914,139.0,140.0,138.0,139.0,31395600.0
2025-08-20,125.59271240234375,141.0,141.0,139.0,139.0,48393500.0
2025-08-21,123.8112564086914,139.0,141.0,139.0,141.0,41435900.0
2025-08-22,123.8112564086914,139.0,141.0,139.0,140.0,21882400.0
2025-08-25,124.70198822021484,140.0,141.0,139.0,140.0,40361200.0
2025-08-26,123.8112564086914,139.0,141.0,139.0,140.0,33352500.0
2025-08-27,123.8112564086914,139.0,140.0,139.0,140.0,43507300.0
2025-08-28,123.8112564086914,139.0,140.0,138.0,140.0,35774100.0
2025-08-29,122.9205322265625,138.0,140.0,137.0,139.0,71084100.0
2025-09-01,122.02980041503906,137.0,137.0,133.0,136.0,72745600.0
2025-09-02,122.9205322265625,138.0,139.0,137.0,137.0,29913500.0
2025-09-03,122.9205322265625,138.0,139.0,137.0,138.0,24869500.0
2025-09-04,122.02980041503906,137.0,139.0,137.0,138.0,36933300.0
2025-09-08,122.02980041503906,137.0,139.0,137.0,138.0,41242800.0
2025-09-09,121.13906860351562,136.0,137.0,135.0,137.0,51329100.0
2025-09-10,121.13906860351562,136.0,138.0,136.0,136.0,20833500.0
2025-09-11,122.9205322265625,138.0,138.0,136.0,137.0,44549800.0
2025-09-12,122.02980041503906,137.0,139.0,137.0,139.0,26064600.0
2025-09-15,123.8112564086914,139.0,140.0,138.0,138.0,50449100.0
2025-09-16,123.8112564086914,139.0,140.0,138.0,140.0,25137200.0
2025-09-17,123.8112564086914,139.0,140.0,138.0,139.0,32989500.0
2025-09-18,122.9205322265625,138.0,140.0,137.0,139.0,32752600.0
2025-09-19,121.13906860351562,136.0,138.0,136.0,138.0,42623300.0
2025-09-22,122.02980041503906,137.0,138.0,136.0,137.0,24167100.0
2025-09-23,122.9205322265625,138.0,139.0,137.0,138.0,39515200.0
2025-09-24,122.02980041503906,137.0,139.0,137.0,138.0,33219400.0
2025-09-25,122.02980041503906,137.0,138.0,136.0,138.0,38348600.0
2025-09-26,122.9205322265625,138.0,138.0,136.0,137.0,15764500.0
2025-09-29,122.02980041503906,137.0,138.0,137.0,138.0,25582100.0
2025-09-30,122.02980041503906,137.0,138.0,137.0,138.0,18294700.0
2025-10-01,122.02980041503906,137.0,138.0,136.0,137.0,25959400.0
2025-10-02,122.02980041503906,137.0,138.0,136.0,137.0,22036800.0
2025-10-03,122.02980041503906,137.0,137.0,136.0,136.0,18270800.0
2025-10-06,121.13906860351562,136.0,138.0,136.0,137.0,25504500.0
2025-10-07,120.24834442138672,135.0,137.0,135.0,137.0,48128600.0
2025-10-08,120.24834442138672,135.0,137.0,134.0,136.0,53033200.0
2025-10-09,120.24834442138672,135.0,136.0,134.0,136.0,32904300.0
2025-10-10,120.24834442138672,135.0,136.0,134.0,135.0,33669700.0
2025-10-13,121.13906860351562,136.0,137.0,134.0,134.0,41182600.0
2025-10-14,119.35761260986328,134.0,136.0,134.0,136.0,54377200.0
2025-10-15,118.46688842773438,133.0,135.0,133.0,134.0,42925800.0
2025-10-16,119.35761260986328,134.0,134.0,133.0,134.0,12668500.0
2025-10-17,118.46688842773438,133.0,134.0,131.0,133.0,46034300.0
2025-10-20,118.46688842773438,133.0,134.0,132.0,133.0,21478900.0
2025-10-21,120.24834442138672,135.0,136.0,133.0,133.0,23357600.0
2025-10-22,121.13906860351562,136.0,137.0,134.0,135.0,32820200.0
2025-10-23,121.13906860351562,136.0,137.0,136.0,136.0,11695500.0
2025-10-24,120.24834442138672,135.0,137.0,135.0,137.0,23040700.0
2025-10-27,118.46688842773438,133.0,135.0,131.0,132.0,73759200.0
2025-10-28,118.46688842773438,133.0,135.0,133.0,134.0,47507100.0
2025-10-29,118.46688842773438,133.0,134.0,132.0,133.0,58939700.0
2025-10-30,119.35761260986328,134.0,135.0,133.0,134.0,25680700.0
2025-10-31,118.46688842773438,133.0,135.0,133.0,133.0,36504000.0
2025-11-03,118.46688842773438,133.0,134.0,132.0,133.0,45816200.0
2025-11-04,118.46688842773438,133.0,134.0,132.0,133.0,32078300.0
2025-11-05,118.46688842773438,133.0,134.0,132.0,133.0,16264700.0
2025-11-06,118.46688842773438,133.0,134.0,132.0,133.0,23134300.0
2025-11-07,118.46688842773438,133.0,134.0,132.0,133.0,14771500.0
2025-11-10,118.46688842773438,133.0,134.0,132.0,133.0,51163800.0
2025-11-11,118.46688842773438,133.0,133.0,132.0,133.0,30638000.0
2025-11-12,118.46688842773438,133.0,134.0,132.0,133.0,36353400.0
2025-11-13,118.46688842773438,133.0,133.0,132.0,133.0,18779900.0
2025-11-14,117.57615661621094,132.0,133.0,132.0,133.0,44333600.0
2025-11-17,117.57615661621094,132.0,133.0,132.0,132.0,33933300.0
2025-11-18,118.46688842773438,133.0,133.0,132.0,133.0,22975800.0
2025-11-19,117.57615661621094,132.0,133.0,132.0,132.0,9280900.0
2025-11-20,117.57615661621094,132.0,133.0,131.0,132.0,43999700.0
2025-11-21,117.57615661621094,132.0,133.0,131.0,132.0,17700500.0
2025-11-24,116.68543243408203,131.0,133.0,131.0,132.0,25614300.0
2025-11-25,117.57615661621094,132.0,132.0,131.0,132.0,15732900.0
2025-11-26,116.68543243408203,131.0,132.0,131.0,132.0,16373000.0
2025-11-27,117.57615661621094,132.0,132.0,131.0,131.0,31078900.0
2025-11-28,116.68543243408203,131.0,132.0,131.0,132.0,18921300.0
2025-12-01,116.68543243408203,131.0,132.0,130.0,132.0,51228900.0
2025-12-02,115.7947006225586,130.0,131.0,130.0,131.0,20652000.0
2025-12-03,117.57615661621094,132.0,132.0,130.0,130.0,26176600.0
2025-12-04,116.68543243408203,131.0,133.0,131.0,132.0,24186700.0
2025-12-05,116.68543243408203,131.0,132.0,130.0,131.0,28045500.0
2025-12-08,117.57615661621094,132.0,132.0,130.0,131.0,26142500.0
2025-12-09,116.68543243408203,131.0,132.0,130.0,131.0,28239100.0
2025-12-10,115.7947006225586,130.0,131.0,130.0,131.0,20111300.0
2025-12-11,115.7947006225586,130.0,131.0,129.0,130.0,38260300.0
2025-12-12,115.7947006225586,130.0,131.0,129.0,130.0,23724800.0
2025-12-15,115.7947006225586,130.0,131.0,129.0,130.0,24849300.0
2025-12-16,114.90397644042969,129.0,130.0,129.0,130.0,20263900.0
2025-12-17,115.7947006225586,130.0,130.0,129.0,130.0,21980700.0
2025-12-18,114.90397644042969,129.0,130.0,129.0,130.0,23529600.0
2025-12-19,114.90397644042969,129.0,130.0,129.0,129.0,32716100.0
2025-12-22,114.90397644042969,129.0,130.0,128.0,129.0,35911800.0
2025-12-23,114.90397644042969,129.0,130.0,128.0,129.0,21284400.0
2025-12-24,114.90397644042969,129.0,129.0,128.0,129.0,17534700.0
2025-12-29,114.01324462890625,128.0,130.0,128.0,129.0,37356200.0
2025-12-30,114.90397644042969,129.0,130.0,128.0,129.0,29157200.0
2026-01-02,114.90397644042969,129.0,130.0,129.0,129.0,32527400.0
2026-01-05,115.7947006225586,130.0,131.0,129.0,129.0,49890900.0
2026-01-06,116.68543243408203,131.0,132.0,129.0,130.0,82192200.0
2026-01-07,115.7947006225586,130.0,132.0,130.0,131.0,54241900.0
2026-01-08,116.68543243408203,131.0,132.0,130.0,130.0,30880800.0
2026-01-09,120.24834442138672,135.0,137.0,131.0,132.0,102150400.0
2026-01-12,119.35761260986328,134.0,137.0,132.0,136.0,125579500.0
2026-01-13,121.13906860351562,136.0,136.0,133.0,134.0,91706600.0
2026-01-14,126.48344421386719,142.0,151.0,134.0,136.0,813996900.0
2026-01-15,125.59271240234375,141.0,146.0,140.0,143.0,273925200.0
2026-01-19,124.70198822021484,140.0,143.0,138.0,141.0,107492100.0
2026-01-20,124.70198822021484,140.0,142.0,138.0,140.0,77390200.0
2026-01-21,122.9205322265625,138.0,140.0,136.0,140.0,84316500.0
2026-01-22,122.9205322265625,138.0,140.0,137.0,138.0,80455400.0
2026-01-23,124.70198822021484,140.0,141.0,136.0,139.0,118638000.0
2026-01-26,126.48344421386719,142.0,145.0,140.0,141.0,263986000.0
2026-01-27,125.59271240234375,141.0,145.0,140.0,144.0,87411800.0
2026-01-28,120.24834442138672,135.0,140.0,133.0,140.0,168689600.0
2026-01-29,121.13906860351562,136.0,137.0,127.0,135.0,166730600.0
2026-01-30,124.70198822021484,140.0,144.0,135.0,136.0,157918100.0
2026-02-02,120.24834442138672,135.0,142.0,135.0,141.0,77122800.0
2026-02-03,122.9205322265625,138.0,139.0,135.0,136.0,44473100.0
2026-02-04,120.24834442138672,135.0,139.0,135.0,138.0,86641200.0
2026-02-05,122.02980041503906,137.0,137.0,135.0,135.0,33375200.0
2026-02-06,118.46688842773438,133.0,136.0,133.0,135.0,70139100.0
2026-02-09,119.35761260986328,134.0,136.0,133.0,134.0,27744700.0
2026-02-10,123.8112564086914,139.0,139.0,134.0,135.0,65786900.0
2026-02-11,122.9205322265625,138.0,140.0,137.0,139.0,74460600.0
2026-02-12,122.02980041503906,137.0,138.0,136.0,138.0,62799400.0
2026-02-13,121.13906860351562,136.0,138.0,135.0,138.0,28609500.0
2026-02-18,122.02980041503906,137.0,138.0,136.0,136.0,25570900.0
2026-02-19,121.13906860351562,136.0,138.0,136.0,137.0,26090400.0
2026-02-20,121.13906860351562,136.0,137.0,136.0,137.0,22213600.0
2026-02-23,122.02980041503906,137.0,138.0,136.0,136.0,32601300.0
2026-02-24,121.13906860351562,136.0,138.0,135.0,138.0,58151500.0
2026-02-25,122.02980041503906,137.0,138.0,136.0,136.0,31323000.0
2026-02-26,121.13906860351562,136.0,138.0,136.0,137.0,39781600.0
2026-02-27,122.02980041503906,137.0,137.0,135.0,136.0,20552000.0
2026-03-02,119.35761260986328,134.0,136.0,132.0,136.0,67713400.0
2026-03-03,118.46688842773438,133.0,135.0,133.0,134.0,49045600.0
2026-03-04,115.7947006225586,130.0,134.0,130.0,133.0,118191900.0
2026-03-05,118.46688842773438,133.0,134.0,130.0,131.0,31919900.0
2026-03-06,118.46688842773438,133.0,134.0,131.0,133.0,30264300.0
2026-03-09,116.68543243408203,131.0,133.0,130.0,133.0,57714900.0
2026-03-10,117.57615661621094,132.0,132.0,130.0,131.0,27094300.0
2026-03-11,116.68543243408203,131.0,133.0,131.0,132.0,16855100.0
2026-03-12,117.57615661621094,132.0,133.0,131.0,132.0,23989100.0
2026-03-13,117.57615661621094,132.0,133.0,131.0,133.0,19230900.0
2026-03-16,116.68543243408203,131.0,132.0,130.0,132.0,21629300.0
2026-03-17,116.68543243408203,131.0,132.0,130.0,131.0,16517400.0
2026-03-25,118.46688842773438,133.0,133.0,131.0,131.0,28464900.0
2026-03-26,116.68543243408203,131.0,133.0,131.0,133.0,17831600.0
2026-03-27,117.57615661621094,132.0,132.0,131.0,132.0,10093700.0
2026-03-30,117.57615661621094,132.0,132.0,130.0,132.0,27318300.0
2026-03-31,116.68543243408203,131.0,132.0,131.0,132.0,15265100.0
2026-04-01,118.46688842773438,133.0,133.0,131.0,132.0,20018800.0
2026-04-02,117.57615661621094,132.0,133.0,132.0,132.0,17329900.0
2026-04-06,117.57615661621094,132.0,133.0,132.0,132.0,17720200.0
2026-04-07,117.57615661621094,132.0,133.0,131.0,132.0,14753200.0
2026-04-08,117.57615661621094,132.0,133.0,131.0,132.0,21650300.0
2026-04-09,118.46688842773438,133.0,133.0,132.0,133.0,9854300.0
2026-04-10,118.46688842773438,133.0,134.0,132.0,133.0,22229800.0
2026-04-13,120.24834442138672,135.0,136.0,133.0,133.0,35109100.0
2026-04-14,121.13906860351562,136.0,136.0,133.0,135.0,25665200.0
2026-04-15,122.02980041503906,137.0,137.0,135.0,136.0,25122000.0
2026-04-16,121.13906860351562,136.0,137.0,135.0,137.0,29279900.0
2026-04-17,122.02980041503906,137.0,137.0,136.0,136.0,12639400.0
2026-04-20,122.02980041503906,137.0,137.0,136.0,137.0,26359300.0
2026-04-21,122.02980041503906,137.0,137.0,135.0,137.0,34916700.0
2026-04-22,123.8112564086914,139.0,143.0,136.0,136.0,143656200.0
2026-04-23,122.9205322265625,138.0,141.0,137.0,140.0,33212900.0
2026-04-24,122.02980041503906,137.0,139.0,136.0,138.0,71467300.0
2026-04-27,121.13906860351562,136.0,138.0,135.0,137.0,48843100.0
2026-04-28,120.24834442138672,135.0,137.0,134.0,136.0,28674600.0
2026-04-29,122.02980041503906,137.0,139.0,135.0,135.0,72664700.0
2026-04-30,125.59271240234375,141.0,142.0,135.0,138.0,225954700.0
2026-05-04,130.04635620117188,146.0,150.0,142.0,143.0,425321800.0
2026-05-05,130.04635620117188,146.0,147.0,144.0,146.0,92073700.0
2026-05-06,134.5,151.0,152.0,145.0,147.0,231432400.0
2026-05-07,134.5,151.0,154.0,151.0,151.0,170475100.0
2026-05-08,137.17218017578125,154.0,159.0,148.0,149.0,377606300.0
2026-05-11,133.60926818847656,150.0,156.0,148.0,154.0,174679500.0
2026-05-12,135.39073181152344,152.0,155.0,149.0,150.0,130275500.0
2026-05-13,135.39073181152344,152.0,153.0,149.0,152.0,97665300.0
2026-05-14,135.39073181152344,152.0,152.0,152.0,152.0,0.0
2026-05-15,135.39073181152344,152.0,152.0,152.0,152.0,0.0
2026-05-18,137.17218017578125,154.0,156.0,149.0,152.0,195949100.0
2026-05-19,134.5,151.0,156.0,149.0,154.0,149306600.0
2026-05-20,135.39073181152344,152.0,153.0,150.0,151.0,91507200.0
2026-05-21,133.60926818847656,150.0,155.0,150.0,153.0,101370300.0
2026-05-22,134.5,151.0,152.0,146.0,151.0,115125700.0
2026-05-25,138.95364379882812,156.0,159.0,150.0,152.0,183170100.0
2026-05-26,139.84437561035156,157.0,162.0,156.0,157.0,273694100.0
2026-05-27,139.84437561035156,157.0,157.0,157.0,157.0,0.0
2026-05-28,139.84437561035156,157.0,157.0,157.0,157.0,0.0
2026-05-29,138.95364379882812,156.0,159.0,155.0,158.0,160844700.0
2026-06-02,141.62582397460938,159.0,160.0,155.0,157.0,117636600.0
2026-06-03,138.95364379882812,156.0,161.0,153.0,160.0,214613200.0
2026-06-04,136.28146362304688,153.0,156.0,150.0,156.0,162923200.0
2026-06-05,131.82781982421875,148.0,154.0,147.0,153.0,121891400.0
2026-06-08,126.48344421386719,142.0,148.0,141.0,146.0,205649400.0
2026-06-09,132.71853637695312,149.0,149.0,139.0,141.0,127523200.0
2026-06-10,135.39073181152344,152.0,153.0,147.0,149.0,75021100.0
2026-06-11,134.5,151.0,153.0,149.0,152.0,47280900.0
2026-06-12,137.17218017578125,154.0,156.0,151.0,153.0,72375000.0
2026-06-15,138.95364379882812,156.0,162.0,144.0,156.0,607104700.0
2026-06-17,138.95364379882812,156.0,161.0,156.0,158.0,169148600.0
2026-06-18,138.0629119873047,155.0,158.0,152.0,157.0,146933400.0
2026-06-19,136.28146362304688,153.0,156.0,153.0,155.0,71344600.0
2026-06-22,137.17218017578125,154.0,155.0,153.0,155.0,77381400.0
2026-06-23,138.0629119873047,155.0,156.0,154.0,154.0,109351700.0
2026-06-24,134.5,151.0,156.0,150.0,155.0,250620400.0
2026-06-25,141.0,141.0,142.0,135.0,136.0,244579100.0
2026-06-26,136.0,136.0,142.0,135.0,141.0,100578100.0
2026-06-29,136.0,136.0,138.0,135.0,136.0,47587900.0
2026-06-30,135.0,135.0,137.0,133.0,137.0,69177700.0
2026-07-01,135.0,135.0,136.0,133.0,135.0,40362200.0
2026-07-02,135.0,135.0,137.0,134.0,135.0,44938100.0
2026-07-03,138.0,138.0,139.0,135.0,135.0,49020600.0
2026-07-06,138.0,138.0,139.0,136.0,139.0,26868700.0
2026-07-07,139.0,139.0,139.0,137.0,139.0,47850100.0
2026-07-08,138.0,138.0,139.0,136.0,139.0,44470400.0
2026-07-09,138.0,138.0,139.0,137.0,138.0,38995300.0
2026-07-10,139.0,139.0,140.0,137.0,139.0,46806500.0
2026-07-13,137.0,137.0,140.0,137.0,139.0,56228600.0
2026-07-14,137.0,137.0,138.0,136.0,137.0,37029400.0
2026-07-15,137.0,137.0,138.0,136.0,137.0,40239300.0
2026-07-16,140.0,140.0,140.0,137.0,138.0,94641400.0
2026-07-17,139.0,139.0,140.0,138.0,140.0,34174400.0
2026-07-20,138.0,138.0,141.0,138.0,139.0,65099500.0
2026-07-21,138.0,138.0,140.0,138.0,138.0,56339800.0
2026-07-22,138.0,138.0,139.0,137.0,139.0,59147100.0
2026-07-23,139.0,139.0,141.0,137.0,138.0,99954300.0
2026-07-24,137.0,137.0,140.0,137.0,139.0,53848000.0
2026-07-27,138.0,138.0,139.0,136.0,137.0,37346600.0
2026-07-28,139.0,139.0,140.0,138.0,139.0,44237000.0
2026-07-29,140.0,140.0,141.0,138.0,140.0,43316100.0
2026-07-30,142.0,142.0,142.0,139.0,140.0,52937000.0
2026-07-31,148.0,148.0,150.0,145.0,145.0,161620100.0
2026-08-03,147.0,147.0,149.0,146.0,149.0,80107700.0
2026-08-04,147.0,147.0,148.0,145.0,147.0,76140900.0
2026-08-05,148.0,148.0,149.0,145.0,147.0,95765200.0
2026-08-06,147.0,147.0,149.0,146.0,148.0,46730200.0
2026-08-07,149.0,149.0,149.0,147.0,148.0,42810900.0
2026-08-10,148.0,148.0,150.0,147.0,149.0,45492400.0
2026-08-11,146.0,146.0,149.0,145.0,148.0,42287400.0
2026-08-12,147.0,147.0,147.0,145.0,146.0,21832000.0
2026-08-13,148.0,148.0,149.0,146.0,147.0,34152700.0
2026-08-14,149.0,149.0,149.0,147.0,148.0,37132900.0
2026-08-18,161.0,161.0,166.0,148.0,149.0,742868000.0
2026-08-19,163.0,163.0,169.0,158.0,161.0,583972300.0
2026-08-20,169.0,169.0,170.0,163.0,165.0,310427000.0
2026-08-21,167.0,167.0,170.0,164.0,170.0,223891700.0
2026-08-24,177.0,177.0,183.0,165.0,167.0,680644800.0
2026-08-26,167.0,167.0,178.0,166.0,177.0,404011200.0
2026-08-27,179.0,179.0,184.0,164.0,165.0,617506900.0
2026-08-28,199.0,199.0,199.0,180.0,180.0,1215355400.0
2026-08-31,208.0,208.0,214.0,194.0,200.0,1433486400.0
2026-09-01,198.0,198.0,210.0,193.0,208.0,822081600.0
2026-09-02,202.0,202.0,204.0,194.0,196.0,415474800.0
2026-09-03,202.0,202.0,204.0,198.0,202.0,347979700.0
2026-09-04,196.0,196.0,204.0,195.0,204.0,229168600.0
2026-09-07,202.0,202.0,214.0,196.0,197.0,819761500.0
