Date,Adj Close,Close,High,Low,Open,Volume
2025-01-01,6.119999885559082,6.119999885559082,6.119999885559082,6.119999885559082,6.119999885559082,21065.0
2025-01-02,6.239999771118164,6.239999771118164,6.239999771118164,6.239999771118164,6.239999771118164,9119.0
2025-01-03,6.360000133514404,6.360000133514404,6.360000133514404,6.360000133514404,6.360000133514404,100745.0
2025-01-06,6.480000019073486,6.480000019073486,6.480000019073486,6.409999847412109,6.46999979019165,137130.0
2025-01-07,6.599999904632568,6.599999904632568,6.599999904632568,6.599999904632568,6.599999904632568,23616.0
2025-01-08,6.730000019073486,6.730000019073486,6.730000019073486,6.730000019073486,6.730000019073486,67171.0
2025-01-09,6.860000133514404,6.860000133514404,6.860000133514404,6.860000133514404,6.860000133514404,16772.0
2025-01-10,6.989999771118164,6.989999771118164,6.989999771118164,6.860000133514404,6.989999771118164,58878.0
2025-01-13,7.119999885559082,7.119999885559082,7.119999885559082,6.989999771118164,7.119999885559082,71381.0
2025-01-14,6.980000019073486,6.980000019073486,7.260000228881836,6.980000019073486,7.260000228881836,165498.0
2025-01-15,6.960000038146973,6.960000038146973,7.110000133514404,6.849999904632568,6.849999904632568,334694.0
2025-01-16,7.090000152587891,7.090000152587891,7.090000152587891,7.0,7.090000152587891,125850.0
2025-01-17,7.21999979019165,7.21999979019165,7.230000019073486,6.949999809265137,7.230000019073486,110139.0
2025-01-20,7.21999979019165,7.21999979019165,7.360000133514404,7.079999923706055,7.360000133514404,58511.0
2025-01-21,7.320000171661377,7.320000171661377,7.360000133514404,7.079999923706055,7.340000152587891,65553.0
2025-01-22,7.199999809265137,7.199999809265137,7.460000038146973,7.179999828338623,7.460000038146973,108055.0
2025-01-23,7.320000171661377,7.320000171661377,7.340000152587891,7.059999942779541,7.340000152587891,158617.0
2025-01-24,7.190000057220459,7.190000057220459,7.460000038146973,7.179999828338623,7.460000038146973,65873.0
2025-01-27,7.050000190734863,7.050000190734863,7.329999923706055,7.050000190734863,7.329999923706055,4605.0
2025-01-28,6.909999847412109,6.909999847412109,6.96999979019165,6.909999847412109,6.96999979019165,4559.0
2025-01-29,6.78000020980835,6.78000020980835,6.840000152587891,6.78000020980835,6.78000020980835,18019.0
2025-01-30,6.650000095367432,6.650000095367432,6.909999847412109,6.650000095367432,6.909999847412109,4297.0
2025-01-31,6.78000020980835,6.78000020980835,6.78000020980835,6.519999980926514,6.519999980926514,39374.0
2025-02-03,7.039999961853027,7.039999961853027,7.039999961853027,6.909999847412109,7.039999961853027,28377.0
2025-02-04,7.179999828338623,7.179999828338623,7.179999828338623,7.079999923706055,7.179999828338623,49794.0
2025-02-05,7.039999961853027,7.039999961853027,7.320000171661377,7.039999961853027,7.25,364563.0
2025-02-06,7.019999980926514,7.019999980926514,7.179999828338623,6.920000076293945,7.179999828338623,26693.0
2025-02-07,7.0,7.0,7.139999866485596,6.880000114440918,7.139999866485596,7725.0
2025-02-10,7.130000114440918,7.130000114440918,7.139999866485596,6.860000133514404,6.860000133514404,32083.0
2025-02-11,7.019999980926514,7.019999980926514,7.260000228881836,6.989999771118164,7.150000095367432,14515.0
2025-02-12,6.880000114440918,6.880000114440918,7.019999980926514,6.880000114440918,6.900000095367432,10302.0
2025-02-13,6.75,6.75,6.980000019073486,6.75,6.980000019073486,16339.0
2025-02-14,6.619999885559082,6.619999885559082,6.880000114440918,6.619999885559082,6.630000114440918,57551.0
2025-02-17,6.75,6.75,6.75,6.75,6.75,47248.0
2025-02-18,6.880000114440918,6.880000114440918,6.880000114440918,6.880000114440918,6.880000114440918,24120.0
2025-02-19,7.010000228881836,7.010000228881836,7.010000228881836,7.010000228881836,7.010000228881836,19771.0
2025-02-20,7.150000095367432,7.150000095367432,7.150000095367432,7.150000095367432,7.150000095367432,10015.0
2025-02-21,7.289999961853027,7.289999961853027,7.289999961853027,7.289999961853027,7.289999961853027,11117.0
2025-02-24,7.429999828338623,7.429999828338623,7.429999828338623,7.429999828338623,7.429999828338623,27862.0
2025-02-25,7.570000171661377,7.570000171661377,7.570000171661377,7.570000171661377,7.570000171661377,13018.0
2025-02-27,7.71999979019165,7.71999979019165,7.71999979019165,7.71999979019165,7.71999979019165,6505.0
2025-02-28,7.869999885559082,7.869999885559082,7.869999885559082,7.579999923706055,7.869999885559082,346838.0
2025-03-03,8.0,8.0,8.020000457763672,7.71999979019165,8.0,174694.0
2025-03-04,8.15999984741211,8.15999984741211,8.15999984741211,8.15999984741211,8.15999984741211,16073.0
2025-03-05,8.319999694824219,8.319999694824219,8.319999694824219,8.319999694824219,8.319999694824219,5559.0
2025-03-06,8.479999542236328,8.479999542236328,8.479999542236328,8.479999542236328,8.479999542236328,18030.0
2025-03-07,8.640000343322754,8.640000343322754,8.640000343322754,8.640000343322754,8.640000343322754,5457.0
2025-03-10,8.8100004196167,8.8100004196167,8.8100004196167,8.8100004196167,8.8100004196167,6884.0
2025-03-11,8.979999542236328,8.979999542236328,8.979999542236328,8.979999542236328,8.979999542236328,17453.0
2025-03-12,9.149999618530273,9.149999618530273,9.149999618530273,9.149999618530273,9.149999618530273,6020.0
2025-03-13,9.329999923706055,9.329999923706055,9.329999923706055,9.329999923706055,9.329999923706055,11032.0
2025-03-17,9.510000228881836,9.510000228881836,9.510000228881836,9.510000228881836,9.510000228881836,30606.0
2025-03-18,9.699999809265137,9.699999809265137,9.699999809265137,9.699999809265137,9.699999809265137,8303.0
2025-03-19,9.890000343322754,9.890000343322754,9.890000343322754,9.890000343322754,9.890000343322754,19946.0
2025-03-20,10.079999923706055,10.079999923706055,10.079999923706055,10.079999923706055,10.079999923706055,21085.0
2025-03-21,10.279999732971191,10.279999732971191,10.279999732971191,9.880000114440918,10.279999732971191,334606.0
2025-03-24,10.479999542236328,10.479999542236328,10.479999542236328,10.479999542236328,10.479999542236328,19467.0
2025-03-25,10.680000305175781,10.680000305175781,10.680000305175781,10.680000305175781,10.680000305175781,22851.0
2025-03-26,10.890000343322754,10.890000343322754,10.890000343322754,10.890000343322754,10.890000343322754,11944.0
2025-03-27,10.680000305175781,10.680000305175781,11.100000381469727,10.680000305175781,11.100000381469727,102547.0
2025-03-28,10.890000343322754,10.890000343322754,10.890000343322754,10.470000267028809,10.470000267028809,209468.0
2025-04-01,10.800000190734863,10.800000190734863,11.100000381469727,10.800000190734863,11.100000381469727,150087.0
2025-04-02,10.59000015258789,10.59000015258789,11.010000228881836,10.59000015258789,10.59000015258789,125223.0
2025-04-03,10.380000114440918,10.380000114440918,10.649999618530273,10.380000114440918,10.380000114440918,34508.0
2025-04-04,10.579999923706055,10.579999923706055,10.579999923706055,10.180000305175781,10.380000114440918,80008.0
2025-04-07,10.369999885559082,10.369999885559082,10.789999961853027,10.369999885559082,10.789999961853027,33603.0
2025-04-08,10.539999961853027,10.539999961853027,10.569999694824219,10.180000305175781,10.180000305175781,29320.0
2025-04-09,10.75,10.75,10.75,10.329999923706055,10.75,37610.0
2025-04-11,10.960000038146973,10.960000038146973,10.960000038146973,10.550000190734863,10.800000190734863,15679.0
2025-04-15,10.989999771118164,10.989999771118164,11.170000076293945,10.75,10.960000038146973,18341.0
2025-04-16,11.100000381469727,11.100000381469727,11.199999809265137,11.0,11.170000076293945,35704.0
2025-04-17,11.09000015258789,11.09000015258789,11.319999694824219,10.880000114440918,11.199999809265137,26443.0
2025-04-21,11.0,11.0,11.3100004196167,10.869999885559082,11.140000343322754,16165.0
2025-04-22,10.8100004196167,10.8100004196167,11.220000267028809,10.779999732971191,11.199999809265137,20466.0
2025-04-23,11.020000457763672,11.020000457763672,11.020000457763672,10.699999809265137,10.8100004196167,15313.0
2025-04-24,11.220000267028809,11.220000267028809,11.239999771118164,10.800000190734863,11.020000457763672,9189.0
2025-04-25,11.0,11.0,11.0,11.0,11.0,617.0
2025-04-28,11.079999923706055,11.079999923706055,11.220000267028809,10.779999732971191,11.109999656677246,24827.0
2025-04-29,11.010000228881836,11.010000228881836,11.300000190734863,10.859999656677246,11.199999809265137,45977.0
2025-04-30,11.100000381469727,11.100000381469727,11.220000267028809,11.010000228881836,11.010000228881836,16890.0
2025-05-02,10.880000114440918,10.880000114440918,11.1899995803833,10.880000114440918,10.880000114440918,19610.0
2025-05-05,10.670000076293945,10.670000076293945,11.09000015258789,10.670000076293945,10.800000190734863,27724.0
2025-05-06,10.880000114440918,10.880000114440918,10.880000114440918,10.460000038146973,10.670000076293945,95969.0
2025-05-07,11.09000015258789,11.09000015258789,11.09000015258789,10.670000076293945,10.899999618530273,5341.0
2025-05-08,11.229999542236328,11.229999542236328,11.3100004196167,10.869999885559082,11.199999809265137,1474.0
2025-05-09,11.010000228881836,11.010000228881836,11.199999809265137,11.010000228881836,11.199999809265137,2402.0
2025-05-12,10.930000305175781,10.930000305175781,11.229999542236328,10.789999961853027,10.789999961853027,9965.0
2025-05-13,10.84000015258789,10.84000015258789,11.140000343322754,10.720000267028809,10.930000305175781,10215.0
2025-05-14,10.970000267028809,10.970000267028809,11.050000190734863,10.680000305175781,11.050000190734863,16958.0
2025-05-15,11.0,11.0,11.039999961853027,10.760000228881836,10.800000190734863,36597.0
2025-05-16,10.989999771118164,10.989999771118164,11.1899995803833,10.779999732971191,11.1899995803833,10306.0
2025-05-19,10.779999732971191,10.779999732971191,11.149999618530273,10.779999732971191,10.989999771118164,8964.0
2025-05-20,10.649999618530273,10.649999618530273,10.989999771118164,10.569999694824219,10.779999732971191,35949.0
2025-05-21,10.5,10.5,10.859999656677246,10.4399995803833,10.859999656677246,29386.0
2025-05-22,10.579999923706055,10.579999923706055,10.699999809265137,10.3100004196167,10.3100004196167,13631.0
2025-05-23,10.789999961853027,10.789999961853027,10.789999961853027,10.390000343322754,10.390000343322754,14934.0
2025-05-26,10.670000076293945,10.670000076293945,10.789999961853027,10.579999923706055,10.600000381469727,6348.0
2025-05-27,10.649999618530273,10.649999618530273,10.800000190734863,10.470000267028809,10.800000190734863,12372.0
2025-05-28,10.699999809265137,10.699999809265137,10.75,10.4399995803833,10.65999984741211,13368.0
2025-05-29,10.5,10.5,10.649999618530273,10.489999771118164,10.489999771118164,297109.0
2025-05-30,10.399999618530273,10.399999618530273,10.710000038146973,10.289999961853027,10.449999809265137,31071.0
2025-06-02,10.399999618530273,10.399999618530273,10.600000381469727,10.260000228881836,10.260000228881836,32801.0
2025-06-03,10.510000228881836,10.510000228881836,10.600000381469727,10.199999809265137,10.5,14201.0
2025-06-04,10.720000267028809,10.720000267028809,10.720000267028809,10.300000190734863,10.720000267028809,13419.0
2025-06-05,10.630000114440918,10.630000114440918,10.930000305175781,10.510000228881836,10.920000076293945,14347.0
2025-06-06,10.84000015258789,10.84000015258789,10.84000015258789,10.420000076293945,10.600000381469727,3075.0
2025-06-09,11.050000190734863,11.050000190734863,11.050000190734863,10.800000190734863,10.84000015258789,29334.0
2025-06-10,11.180000305175781,11.180000305175781,11.270000457763672,10.829999923706055,10.829999923706055,57764.0
2025-06-11,11.359999656677246,11.359999656677246,11.399999618530273,10.960000038146973,11.180000305175781,43169.0
2025-06-12,11.140000343322754,11.140000343322754,11.5600004196167,11.140000343322754,11.180000305175781,15418.0
2025-06-13,11.329999923706055,11.329999923706055,11.359999656677246,10.920000076293945,11.25,86207.0
2025-06-16,11.140000343322754,11.140000343322754,11.319999694824219,11.109999656677246,11.319999694824219,4988.0
2025-06-17,11.350000381469727,11.350000381469727,11.359999656677246,10.920000076293945,11.140000343322754,7925.0
2025-06-18,11.550000190734863,11.550000190734863,11.5600004196167,11.130000114440918,11.5600004196167,7833.0
2025-06-19,11.779999732971191,11.779999732971191,11.779999732971191,11.319999694824219,11.65999984741211,13869.0
2025-06-20,12.010000228881836,12.010000228881836,12.010000228881836,12.010000228881836,12.010000228881836,12713.0
2025-06-23,12.25,12.25,12.25,11.850000381469727,12.25,34057.0
2025-06-24,12.220000267028809,12.220000267028809,12.489999771118164,12.010000228881836,12.25,48643.0
2025-06-25,12.029999732971191,12.029999732971191,12.449999809265137,11.979999542236328,12.050000190734863,48420.0
2025-06-26,12.210000038146973,12.210000038146973,12.270000457763672,11.789999961853027,12.220000267028809,32897.0
2025-06-27,12.020000457763672,12.020000457763672,12.449999809265137,11.979999542236328,12.449999809265137,45868.0
2025-06-30,12.09000015258789,12.09000015258789,12.260000228881836,11.819999694824219,12.260000228881836,20979.0
2025-07-01,12.329999923706055,12.329999923706055,12.329999923706055,11.850000381469727,12.289999961853027,23014.0
2025-07-02,12.100000381469727,12.100000381469727,12.569999694824219,12.100000381469727,12.569999694824219,47226.0
2025-07-03,12.34000015258789,12.34000015258789,12.34000015258789,11.869999885559082,12.34000015258789,14872.0
2025-07-04,12.460000038146973,12.460000038146973,12.579999923706055,12.130000114440918,12.579999923706055,17123.0
2025-07-07,12.6899995803833,12.6899995803833,12.699999809265137,12.25,12.520000457763672,16224.0
2025-07-08,12.9399995803833,12.9399995803833,12.9399995803833,12.699999809265137,12.9399995803833,24654.0
2025-07-09,12.979999542236328,12.979999542236328,13.0,12.6899995803833,13.0,17695.0
2025-07-10,13.229999542236328,13.229999542236328,13.229999542236328,12.989999771118164,13.170000076293945,24855.0
2025-07-11,13.489999771118164,13.489999771118164,13.489999771118164,13.229999542236328,13.229999542236328,15652.0
2025-07-14,13.75,13.75,13.75,13.699999809265137,13.699999809265137,27963.0
2025-07-15,14.020000457763672,14.020000457763672,14.020000457763672,13.600000381469727,13.75,38251.0
2025-07-16,14.300000190734863,14.300000190734863,14.300000190734863,14.300000190734863,14.300000190734863,6775.0
2025-07-17,14.029999732971191,14.029999732971191,14.579999923706055,14.020000457763672,14.579999923706055,207011.0
2025-07-18,14.3100004196167,14.3100004196167,14.3100004196167,13.75,13.75,18402.0
2025-07-21,14.59000015258789,14.59000015258789,14.59000015258789,14.029999732971191,14.3100004196167,76200.0
2025-07-22,14.880000114440918,14.880000114440918,14.880000114440918,14.880000114440918,14.880000114440918,15801.0
2025-07-23,15.170000076293945,15.170000076293945,15.170000076293945,15.0,15.15999984741211,7130.0
2025-07-24,15.470000267028809,15.470000267028809,15.470000267028809,15.470000267028809,15.470000267028809,16599.0
2025-07-25,15.5600004196167,15.5600004196167,15.770000457763672,15.170000076293945,15.770000457763672,102509.0
2025-07-28,15.869999885559082,15.869999885559082,15.869999885559082,15.59000015258789,15.869999885559082,43842.0
2025-07-29,16.15999984741211,16.15999984741211,16.18000030517578,15.84000015258789,16.18000030517578,52854.0
2025-07-30,16.479999542236328,16.479999542236328,16.479999542236328,15.84000015258789,16.469999313354492,45697.0
2025-07-31,16.790000915527344,16.790000915527344,16.799999237060547,16.559999465942383,16.729999542236328,54474.0
2025-08-01,17.1200008392334,17.1200008392334,17.1200008392334,16.559999465942383,16.559999465942383,61242.0
2025-08-04,17.459999084472656,17.459999084472656,17.459999084472656,17.459999084472656,17.459999084472656,11924.0
2025-08-05,17.790000915527344,17.790000915527344,17.799999237060547,17.1299991607666,17.799999237060547,139131.0
2025-08-06,18.1299991607666,18.1299991607666,18.139999389648438,17.450000762939453,17.450000762939453,107072.0
2025-08-07,18.489999771118164,18.489999771118164,18.489999771118164,18.389999389648438,18.399999618530273,53123.0
2025-08-08,18.559999465942383,18.559999465942383,18.850000381469727,18.1299991607666,18.850000381469727,139604.0
2025-08-11,18.93000030517578,18.93000030517578,18.93000030517578,18.700000762939453,18.739999771118164,17576.0
2025-08-12,19.299999237060547,19.299999237060547,19.299999237060547,19.299999237060547,19.299999237060547,48836.0
2025-08-13,19.68000030517578,19.68000030517578,19.68000030517578,19.68000030517578,19.68000030517578,45337.0
2025-08-14,19.5,19.5,20.06999969482422,19.290000915527344,20.06999969482422,284391.0
2025-08-18,19.110000610351562,19.110000610351562,19.450000762939453,19.110000610351562,19.110000610351562,147214.0
2025-08-19,18.729999542236328,18.729999542236328,18.729999542236328,18.729999542236328,18.729999542236328,5739.0
2025-08-20,18.360000610351562,18.360000610351562,18.360000610351562,18.360000610351562,18.360000610351562,53292.0
2025-08-21,18.0,18.0,18.0,18.0,18.0,4534.0
2025-08-22,17.639999389648438,17.639999389648438,17.639999389648438,17.639999389648438,17.639999389648438,65216.0
2025-08-25,17.290000915527344,17.290000915527344,17.290000915527344,17.290000915527344,17.290000915527344,10050.0
2025-08-26,16.950000762939453,16.950000762939453,16.950000762939453,16.950000762939453,16.950000762939453,141119.0
2025-08-28,16.6200008392334,16.6200008392334,16.6200008392334,16.6200008392334,16.6200008392334,2124.0
2025-08-29,16.290000915527344,16.290000915527344,16.290000915527344,16.290000915527344,16.290000915527344,1619.0
2025-09-01,15.970000267028809,15.970000267028809,15.970000267028809,15.970000267028809,15.970000267028809,2641.0
2025-09-02,15.65999984741211,15.65999984741211,15.65999984741211,15.65999984741211,15.65999984741211,4038.0
2025-09-03,15.350000381469727,15.350000381469727,15.350000381469727,15.350000381469727,15.350000381469727,2095.0
2025-09-04,15.050000190734863,15.050000190734863,15.050000190734863,15.050000190734863,15.050000190734863,288.0
2025-09-05,14.75,14.75,14.75,14.75,14.75,1548.0
2025-09-08,14.460000038146973,14.460000038146973,14.460000038146973,14.460000038146973,14.460000038146973,3477.0
2025-09-09,14.180000305175781,14.180000305175781,14.180000305175781,14.180000305175781,14.180000305175781,3200.0
2025-09-10,13.899999618530273,13.899999618530273,13.899999618530273,13.899999618530273,13.899999618530273,2716.0
2025-09-11,13.630000114440918,13.630000114440918,14.170000076293945,13.630000114440918,13.630000114440918,133688.0
2025-09-12,13.359999656677246,13.359999656677246,13.359999656677246,13.359999656677246,13.359999656677246,8101.0
2025-09-15,13.100000381469727,13.100000381469727,13.100000381469727,13.100000381469727,13.100000381469727,56923.0
2025-09-16,12.84000015258789,12.84000015258789,12.84000015258789,12.84000015258789,12.84000015258789,13342.0
2025-09-17,12.59000015258789,12.59000015258789,12.59000015258789,12.59000015258789,12.59000015258789,13892.0
2025-09-18,12.34000015258789,12.34000015258789,12.34000015258789,12.34000015258789,12.34000015258789,4659.0
2025-09-19,12.100000381469727,12.100000381469727,12.100000381469727,12.100000381469727,12.100000381469727,8731.0
2025-09-22,11.859999656677246,11.859999656677246,11.859999656677246,11.859999656677246,11.859999656677246,3204.0
2025-09-23,12.09000015258789,12.09000015258789,12.09000015258789,11.630000114440918,11.630000114440918,149199.0
2025-09-24,12.329999923706055,12.329999923706055,12.329999923706055,12.329999923706055,12.329999923706055,11665.0
2025-09-25,12.25,12.25,12.569999694824219,12.100000381469727,12.569999694824219,380180.0
2025-09-26,12.489999771118164,12.489999771118164,12.489999771118164,12.140000343322754,12.149999618530273,72303.0
2025-09-29,12.729999542236328,12.729999542236328,12.729999542236328,12.699999809265137,12.699999809265137,19922.0
2025-09-30,12.979999542236328,12.979999542236328,12.979999542236328,12.479999542236328,12.979999542236328,26396.0
2025-10-01,13.229999542236328,13.229999542236328,13.229999542236328,13.229999542236328,13.229999542236328,5602.0
2025-10-03,13.489999771118164,13.489999771118164,13.489999771118164,12.970000267028809,13.489999771118164,54395.0
2025-10-06,13.75,13.75,13.75,13.75,13.75,3358.0
2025-10-07,14.020000457763672,14.020000457763672,14.020000457763672,14.020000457763672,14.020000457763672,14328.0
2025-10-08,14.300000190734863,14.300000190734863,14.300000190734863,13.75,14.300000190734863,42356.0
2025-10-09,14.579999923706055,14.579999923706055,14.579999923706055,14.579999923706055,14.579999923706055,13186.0
2025-10-10,14.869999885559082,14.869999885559082,14.869999885559082,14.869999885559082,14.869999885559082,18265.0
2025-10-13,15.15999984741211,15.15999984741211,15.15999984741211,15.15999984741211,15.15999984741211,16058.0
2025-10-14,15.460000038146973,15.460000038146973,15.460000038146973,15.229999542236328,15.460000038146973,20858.0
2025-10-15,15.760000228881836,15.760000228881836,15.760000228881836,15.699999809265137,15.699999809265137,10261.0
2025-10-16,15.449999809265137,15.449999809265137,16.06999969482422,15.449999809265137,16.06999969482422,25689.0
2025-10-17,15.149999618530273,15.149999618530273,15.149999618530273,15.149999618530273,15.149999618530273,73220.0
2025-10-20,14.850000381469727,14.850000381469727,14.850000381469727,14.850000381469727,14.850000381469727,7864.0
2025-10-21,14.850000381469727,14.850000381469727,14.850000381469727,14.850000381469727,14.850000381469727,0.0
2025-10-23,14.270000457763672,14.270000457763672,14.5600004196167,14.270000457763672,14.270000457763672,12588.0
2025-10-24,13.989999771118164,13.989999771118164,13.989999771118164,13.989999771118164,13.989999771118164,12984.0
2025-10-27,13.720000267028809,13.720000267028809,13.720000267028809,13.720000267028809,13.720000267028809,2318.0
2025-10-28,13.449999809265137,13.449999809265137,13.989999771118164,13.449999809265137,13.449999809265137,14013.0
2025-10-29,13.1899995803833,13.1899995803833,13.449999809265137,13.1899995803833,13.449999809265137,8194.0
2025-10-30,12.930000305175781,12.930000305175781,12.930000305175781,12.930000305175781,12.930000305175781,13419.0
2025-10-31,12.680000305175781,12.680000305175781,12.680000305175781,12.680000305175781,12.680000305175781,4754.0
2025-11-03,12.430000305175781,12.430000305175781,12.430000305175781,12.430000305175781,12.430000305175781,17170.0
2025-11-04,12.1899995803833,12.1899995803833,12.210000038146973,12.1899995803833,12.210000038146973,13893.0
2025-11-06,12.430000305175781,12.430000305175781,12.430000305175781,11.949999809265137,12.420000076293945,79263.0
2025-11-07,12.59000015258789,12.59000015258789,12.670000076293945,12.1899995803833,12.670000076293945,46895.0
2025-11-10,12.84000015258789,12.84000015258789,12.84000015258789,12.59000015258789,12.59000015258789,34239.0
2025-11-11,12.859999656677246,12.859999656677246,13.09000015258789,12.600000381469727,12.960000038146973,9457.0
2025-11-12,12.609999656677246,12.609999656677246,13.09000015258789,12.609999656677246,13.09000015258789,19316.0
2025-11-13,12.359999656677246,12.359999656677246,12.84000015258789,12.359999656677246,12.609999656677246,4110.0
2025-11-14,12.119999885559082,12.119999885559082,12.550000190734863,12.119999885559082,12.149999618530273,22843.0
2025-11-17,12.359999656677246,12.359999656677246,12.359999656677246,12.359999656677246,12.359999656677246,63315.0
2025-11-18,12.600000381469727,12.600000381469727,12.600000381469727,12.600000381469727,12.600000381469727,6926.0
2025-11-19,12.850000381469727,12.850000381469727,12.850000381469727,12.850000381469727,12.850000381469727,3312.0
2025-11-20,13.100000381469727,13.100000381469727,13.100000381469727,13.100000381469727,13.100000381469727,8862.0
2025-11-21,13.359999656677246,13.359999656677246,13.359999656677246,13.100000381469727,13.359999656677246,94743.0
2025-11-24,13.100000381469727,13.100000381469727,13.59000015258789,13.100000381469727,13.100000381469727,62923.0
2025-11-25,13.25,13.25,13.359999656677246,12.84000015258789,12.84000015258789,149930.0
2025-11-26,12.989999771118164,12.989999771118164,13.25,12.989999771118164,13.25,25043.0
2025-11-27,12.739999771118164,12.739999771118164,13.100000381469727,12.739999771118164,13.100000381469727,9886.0
2025-11-28,12.489999771118164,12.489999771118164,12.970000267028809,12.489999771118164,12.5,7935.0
2025-12-01,12.289999961853027,12.289999961853027,12.729999542236328,12.25,12.729999542236328,8396.0
2025-12-02,12.199999809265137,12.199999809265137,12.390000343322754,12.050000190734863,12.25,32655.0
2025-12-03,11.960000038146973,11.960000038146973,12.390000343322754,11.960000038146973,12.0,15311.0
2025-12-04,11.729999542236328,11.729999542236328,12.050000190734863,11.729999542236328,11.960000038146973,18805.0
2025-12-05,11.510000228881836,11.510000228881836,11.960000038146973,11.5,11.729999542236328,3804.0
2025-12-08,11.329999923706055,11.329999923706055,11.739999771118164,11.279999732971191,11.279999732971191,19770.0
2025-12-09,11.510000228881836,11.510000228881836,11.550000190734863,11.109999656677246,11.109999656677246,33541.0
2025-12-10,11.710000038146973,11.710000038146973,11.739999771118164,11.319999694824219,11.319999694824219,2309.0
2025-12-11,11.800000190734863,11.800000190734863,11.9399995803833,11.5,11.760000228881836,9962.0
2025-12-12,12.0,12.0,12.010000228881836,11.609999656677246,11.609999656677246,3509.0
2025-12-15,12.050000190734863,12.050000190734863,12.229999542236328,11.760000228881836,11.800000190734863,4919.0
2025-12-16,12.279999732971191,12.279999732971191,12.289999961853027,11.850000381469727,11.850000381469727,3649.0
2025-12-17,12.34000015258789,12.34000015258789,12.520000457763672,12.050000190734863,12.289999961853027,5782.0
2025-12-18,12.100000381469727,12.100000381469727,12.550000190734863,12.100000381469727,12.109999656677246,2796.0
2025-12-19,11.90999984741211,11.90999984741211,12.100000381469727,11.859999656677246,12.100000381469727,716.0
2025-12-22,12.100000381469727,12.100000381469727,12.140000343322754,11.680000305175781,12.100000381469727,9926.0
2025-12-23,12.329999923706055,12.329999923706055,12.34000015258789,11.859999656677246,12.289999961853027,28655.0
2025-12-24,12.100000381469727,12.100000381469727,12.569999694824219,12.100000381469727,12.460000038146973,35597.0
2025-12-26,11.859999656677246,11.859999656677246,12.34000015258789,11.859999656677246,11.899999618530273,34578.0
2025-12-29,11.630000114440918,11.630000114440918,11.979999542236328,11.630000114440918,11.859999656677246,48103.0
2025-12-30,11.40999984741211,11.40999984741211,11.789999961853027,11.399999618530273,11.630000114440918,3286.0
2025-12-31,11.210000038146973,11.210000038146973,11.569999694824219,11.1899995803833,11.300000190734863,7472.0
2026-01-01,11.399999618530273,11.399999618530273,11.399999618530273,10.989999771118164,10.989999771118164,52698.0
2026-01-02,11.180000305175781,11.180000305175781,11.59000015258789,11.180000305175781,11.350000381469727,11192.0
2026-01-05,10.960000038146973,10.960000038146973,11.010000228881836,10.960000038146973,11.010000228881836,12195.0
2026-01-06,11.170000076293945,11.170000076293945,11.170000076293945,10.75,10.75,85966.0
2026-01-07,11.029999732971191,11.029999732971191,11.390000343322754,10.960000038146973,11.34000015258789,19840.0
2026-01-08,10.8100004196167,10.8100004196167,11.210000038146973,10.8100004196167,10.850000381469727,11197.0
2026-01-09,10.600000381469727,10.600000381469727,10.979999542236328,10.600000381469727,10.979999542236328,1164.0
2026-01-12,10.390000343322754,10.390000343322754,10.600000381469727,10.390000343322754,10.600000381469727,1391.0
2026-01-13,10.210000038146973,10.210000038146973,10.59000015258789,10.1899995803833,10.1899995803833,10120.0
2026-01-14,10.029999732971191,10.029999732971191,10.390000343322754,10.010000228881836,10.390000343322754,11152.0
2026-01-16,9.829999923706055,9.829999923706055,9.970000267028809,9.829999923706055,9.829999923706055,4932.0
2026-01-19,9.640000343322754,9.640000343322754,9.84000015258789,9.640000343322754,9.640000343322754,6316.0
2026-01-20,9.449999809265137,9.449999809265137,9.449999809265137,9.449999809265137,9.449999809265137,3348.0
2026-01-21,9.270000457763672,9.270000457763672,9.270000457763672,9.270000457763672,9.270000457763672,2154.0
2026-01-22,9.100000381469727,9.100000381469727,9.4399995803833,9.09000015258789,9.09000015258789,13839.0
2026-01-23,9.140000343322754,9.140000343322754,9.270000457763672,8.920000076293945,9.0600004196167,7854.0
2026-01-27,8.960000038146973,8.960000038146973,9.289999961853027,8.960000038146973,9.1899995803833,2724.0
2026-01-28,8.789999961853027,8.789999961853027,9.09000015258789,8.789999961853027,8.800000190734863,2378.0
2026-01-29,8.949999809265137,8.949999809265137,8.960000038146973,8.619999885559082,8.619999885559082,37873.0
2026-01-30,9.119999885559082,9.119999885559082,9.119999885559082,8.8100004196167,9.09000015258789,9507.0
2026-02-02,9.470000267028809,9.470000267028809,9.479999542236328,9.149999618530273,9.300000190734863,2127.0
2026-02-03,9.460000038146973,9.460000038146973,9.649999618530273,9.300000190734863,9.399999618530273,2665.0
2026-02-04,9.640000343322754,9.640000343322754,9.640000343322754,9.3100004196167,9.640000343322754,2835.0
2026-02-05,9.829999923706055,9.829999923706055,9.829999923706055,9.829999923706055,9.829999923706055,482.0
2026-02-06,9.979999542236328,9.979999542236328,10.020000457763672,9.649999618530273,10.020000457763672,31187.0
2026-02-09,10.170000076293945,10.170000076293945,10.170000076293945,10.0,10.119999885559082,8838.0
2026-02-10,10.369999885559082,10.369999885559082,10.369999885559082,10.180000305175781,10.369999885559082,11109.0
2026-02-11,10.569999694824219,10.569999694824219,10.569999694824219,10.569999694824219,10.569999694824219,3123.0
2026-02-12,10.770000457763672,10.770000457763672,10.779999732971191,10.359999656677246,10.369999885559082,23224.0
2026-02-13,10.5600004196167,10.5600004196167,10.970000267028809,10.5600004196167,10.569999694824219,4483.0
2026-02-16,10.350000381469727,10.350000381469727,10.5600004196167,10.350000381469727,10.5600004196167,11494.0
2026-02-17,10.149999618530273,10.149999618530273,10.34000015258789,10.149999618530273,10.34000015258789,6585.0
2026-02-18,9.949999809265137,9.949999809265137,10.25,9.949999809265137,10.25,9499.0
2026-02-19,9.760000228881836,9.760000228881836,9.760000228881836,9.760000228881836,9.760000228881836,748.0
2026-02-20,9.569999694824219,9.569999694824219,9.949999809265137,9.569999694824219,9.569999694824219,7773.0
2026-02-23,9.760000228881836,9.760000228881836,9.760000228881836,9.75,9.75,4844.0
2026-02-24,9.949999809265137,9.949999809265137,9.949999809265137,9.949999809265137,9.949999809265137,6515.0
2026-02-25,10.140000343322754,10.140000343322754,10.140000343322754,10.140000343322754,10.140000343322754,12047.0
2026-02-26,10.34000015258789,10.34000015258789,10.34000015258789,10.34000015258789,10.34000015258789,9622.0
2026-02-27,10.539999961853027,10.539999961853027,10.539999961853027,10.539999961853027,10.539999961853027,14725.0
2026-03-02,10.329999923706055,10.329999923706055,10.329999923706055,10.329999923706055,10.329999923706055,5452.0
2026-03-04,10.130000114440918,10.130000114440918,10.130000114440918,10.130000114440918,10.130000114440918,472.0
2026-03-05,9.930000305175781,9.930000305175781,9.930000305175781,9.930000305175781,9.930000305175781,4948.0
2026-03-06,9.739999771118164,9.739999771118164,9.739999771118164,9.739999771118164,9.739999771118164,348.0
2026-03-09,9.550000190734863,9.550000190734863,9.550000190734863,9.550000190734863,9.550000190734863,329.0
2026-03-10,9.359999656677246,9.359999656677246,9.729999542236328,9.359999656677246,9.359999656677246,45426.0
2026-03-11,9.180000305175781,9.180000305175781,9.489999771118164,9.180000305175781,9.489999771118164,5415.0
2026-03-12,9.0,9.0,9.0,9.0,9.0,5642.0
2026-03-13,8.819999694824219,8.819999694824219,8.819999694824219,8.819999694824219,8.819999694824219,6131.0
2026-03-16,8.649999618530273,8.649999618530273,8.649999618530273,8.649999618530273,8.649999618530273,19114.0
2026-03-17,8.479999542236328,8.479999542236328,8.779999732971191,8.479999542236328,8.779999732971191,4513.0
2026-03-18,8.34000015258789,8.34000015258789,8.630000114440918,8.319999694824219,8.319999694824219,85361.0
2026-03-19,8.25,8.25,8.489999771118164,8.180000305175781,8.319999694824219,2781.0
2026-03-20,8.119999885559082,8.119999885559082,8.399999618530273,8.09000015258789,8.180000305175781,36122.0
2026-03-23,7.960000038146973,7.960000038146973,8.079999923706055,7.960000038146973,8.079999923706055,5728.0
2026-03-24,7.809999942779541,7.809999942779541,8.100000381469727,7.809999942779541,7.960000038146973,5719.0
2026-03-25,7.960000038146973,7.960000038146973,7.960000038146973,7.659999847412109,7.809999942779541,96830.0
2026-03-27,7.809999942779541,7.809999942779541,8.100000381469727,7.809999942779541,7.809999942779541,53850.0
2026-03-30,7.949999809265137,7.949999809265137,7.960000038146973,7.659999847412109,7.809999942779541,3901.0
2026-04-01,8.100000381469727,8.100000381469727,8.100000381469727,7.929999828338623,7.960000038146973,3718.0
2026-04-02,8.260000228881836,8.260000228881836,8.260000228881836,7.940000057220459,8.25,10704.0
2026-04-06,8.420000076293945,8.420000076293945,8.420000076293945,8.100000381469727,8.279999732971191,49584.0
2026-04-07,8.579999923706055,8.579999923706055,8.579999923706055,8.329999923706055,8.329999923706055,3340.0
2026-04-08,8.75,8.75,8.75,8.75,8.75,29158.0
2026-04-09,8.920000076293945,8.920000076293945,8.920000076293945,8.920000076293945,8.920000076293945,45033.0
2026-04-10,9.09000015258789,9.09000015258789,9.09000015258789,8.760000228881836,8.800000190734863,142827.0
2026-04-13,9.270000457763672,9.270000457763672,9.270000457763672,8.90999984741211,8.920000076293945,62095.0
2026-04-15,9.449999809265137,9.449999809265137,9.449999809265137,9.119999885559082,9.119999885559082,32777.0
2026-04-16,9.630000114440918,9.630000114440918,9.630000114440918,9.630000114440918,9.630000114440918,26376.0
2026-04-17,9.819999694824219,9.819999694824219,9.819999694824219,9.819999694824219,9.819999694824219,5845.0
2026-04-20,10.010000228881836,10.010000228881836,10.010000228881836,10.010000228881836,10.010000228881836,3946.0
2026-04-21,10.210000038146973,10.210000038146973,10.210000038146973,10.210000038146973,10.210000038146973,1582.0
2026-04-22,10.40999984741211,10.40999984741211,10.40999984741211,10.40999984741211,10.40999984741211,19392.0
2026-04-23,10.609999656677246,10.609999656677246,10.609999656677246,10.609999656677246,10.609999656677246,11045.0
2026-04-24,10.819999694824219,10.819999694824219,10.819999694824219,10.819999694824219,10.819999694824219,5802.0
2026-04-27,11.029999732971191,11.029999732971191,11.029999732971191,10.609999656677246,11.029999732971191,295865.0
2026-04-28,11.25,11.25,11.25,11.210000038146973,11.25,9288.0
2026-04-29,11.470000267028809,11.470000267028809,11.470000267028809,11.25,11.25,5102.0
2026-04-30,11.670000076293945,11.670000076293945,11.6899995803833,11.25,11.470000267028809,21060.0
2026-05-04,11.899999618530273,11.899999618530273,11.899999618530273,11.869999885559082,11.899999618530273,10388.0
2026-05-05,12.119999885559082,12.119999885559082,12.130000114440918,11.899999618530273,11.899999618530273,16501.0
2026-05-06,12.359999656677246,12.359999656677246,12.359999656677246,11.899999618530273,12.359999656677246,2468.0
2026-05-07,12.579999923706055,12.579999923706055,12.600000381469727,12.539999961853027,12.600000381469727,15708.0
2026-05-08,12.329999923706055,12.329999923706055,12.829999923706055,12.329999923706055,12.510000228881836,12212.0
2026-05-11,12.09000015258789,12.09000015258789,12.25,12.09000015258789,12.25,44174.0
2026-05-12,12.09000015258789,12.09000015258789,12.329999923706055,11.850000381469727,11.859999656677246,95284.0
2026-05-13,11.989999771118164,11.989999771118164,12.289999961853027,11.850000381469727,11.850000381469727,2748.0
2026-05-14,11.760000228881836,11.760000228881836,11.770000457763672,11.760000228881836,11.770000457763672,291.0
2026-05-15,11.529999732971191,11.529999732971191,11.550000190734863,11.529999732971191,11.550000190734863,363.0
2026-05-18,11.300000190734863,11.300000190734863,11.300000190734863,11.300000190734863,11.300000190734863,2110.0
2026-05-19,11.100000381469727,11.100000381469727,11.289999961853027,11.100000381469727,11.289999961853027,2101.0
2026-05-20,11.0,11.0,11.319999694824219,10.899999618530273,11.25,2024.0
2026-05-21,10.760000228881836,10.760000228881836,11.149999618530273,10.739999771118164,10.75,3215.0
2026-05-22,10.550000190734863,10.550000190734863,10.949999809265137,10.550000190734863,10.5600004196167,1510.0
2026-05-25,10.489999771118164,10.489999771118164,10.75,10.34000015258789,10.350000381469727,3705.0
2026-05-26,10.449999809265137,10.449999809265137,10.5,10.3100004196167,10.5,1750.0
2026-05-27,10.25,10.25,10.350000381469727,10.25,10.350000381469727,11607.0
2026-05-28,10.25,10.25,10.25,10.25,10.25,0.0
2026-05-29,10.4399995803833,10.4399995803833,10.449999809265137,10.050000190734863,10.100000381469727,3074.0
2026-06-01,10.640000343322754,10.640000343322754,10.640000343322754,10.640000343322754,10.640000343322754,4526.0
2026-06-02,10.850000381469727,10.850000381469727,10.850000381469727,10.850000381469727,10.850000381469727,8713.0
2026-06-03,11.0600004196167,11.0600004196167,11.0600004196167,11.0600004196167,11.0600004196167,2811.0
2026-06-04,11.279999732971191,11.279999732971191,11.279999732971191,11.279999732971191,11.279999732971191,13134.0
2026-06-05,11.5,11.5,11.5,11.5,11.5,6719.0
2026-06-08,11.729999542236328,11.729999542236328,11.729999542236328,11.729999542236328,11.729999542236328,6383.0
2026-06-09,11.960000038146973,11.960000038146973,11.960000038146973,11.510000228881836,11.960000038146973,28875.0
2026-06-10,12.1899995803833,12.1899995803833,12.1899995803833,12.1899995803833,12.1899995803833,9574.0
2026-06-11,12.0,12.0,12.430000305175781,11.949999809265137,12.399999618530273,12079.0
2026-06-12,12.170000076293945,12.170000076293945,12.199999809265137,11.760000228881836,12.1899995803833,16481.0
2026-06-15,11.960000038146973,11.960000038146973,12.399999618530273,11.949999809265137,12.100000381469727,11199.0
2026-06-16,12.130000114440918,12.130000114440918,12.1899995803833,11.949999809265137,12.1899995803833,5919.0
2026-06-17,12.369999885559082,12.369999885559082,12.369999885559082,12.0,12.149999618530273,36354.0
2026-06-18,12.569999694824219,12.569999694824219,12.609999656677246,12.130000114440918,12.609999656677246,11577.0
2026-06-19,12.5,12.5,12.819999694824219,12.319999694824219,12.819999694824219,7096.0
2026-06-22,12.75,12.75,12.75,12.5,12.75,6904.0
2026-06-23,12.720000267028809,12.720000267028809,12.989999771118164,12.510000228881836,12.75,6066.0
2026-06-24,12.550000190734863,12.550000190734863,12.970000267028809,12.470000267028809,12.970000267028809,10503.0
2026-06-25,12.329999923706055,12.329999923706055,12.800000190734863,12.300000190734863,12.550000190734863,11014.0
2026-06-26,12.329999923706055,12.329999923706055,12.329999923706055,12.329999923706055,12.329999923706055,0.0
2026-06-29,12.279999732971191,12.279999732971191,12.550000190734863,12.09000015258789,12.09000015258789,18084.0
2026-06-30,12.039999961853027,12.039999961853027,12.430000305175781,12.039999961853027,12.34000015258789,22348.0
2026-07-01,11.800000190734863,11.800000190734863,12.25,11.800000190734863,12.25,2458.0
2026-07-02,11.569999694824219,11.569999694824219,11.569999694824219,11.569999694824219,11.569999694824219,6260.0
2026-07-03,11.34000015258789,11.34000015258789,11.470000267028809,11.34000015258789,11.470000267028809,5189.0
2026-07-06,11.119999885559082,11.119999885559082,11.149999618530273,11.119999885559082,11.149999618530273,166.0
2026-07-07,10.899999618530273,10.899999618530273,10.899999618530273,10.899999618530273,10.899999618530273,721.0
2026-07-08,10.6899995803833,10.6899995803833,10.6899995803833,10.6899995803833,10.6899995803833,1853.0
2026-07-09,10.479999542236328,10.479999542236328,10.5,10.479999542236328,10.5,5050.0
2026-07-10,10.359999656677246,10.359999656677246,10.649999618530273,10.279999732971191,10.279999732971191,15458.0
2026-07-13,10.550000190734863,10.550000190734863,10.5600004196167,10.15999984741211,10.210000038146973,40469.0
2026-07-14,10.34000015258789,10.34000015258789,10.75,10.34000015258789,10.75,9552.0
2026-07-15,10.279999732971191,10.279999732971191,10.4399995803833,10.140000343322754,10.149999618530273,5154.0
2026-07-16,10.170000076293945,10.170000076293945,10.449999809265137,10.079999923706055,10.329999923706055,4571.0
2026-07-17,10.369999885559082,10.369999885559082,10.369999885559082,9.970000267028809,10.020000457763672,23439.0
2026-07-20,10.569999694824219,10.569999694824219,10.569999694824219,10.199999809265137,10.220000267028809,14523.0
2026-07-21,10.779999732971191,10.779999732971191,10.779999732971191,10.359999656677246,10.5,20146.0
2026-07-22,10.979999542236328,10.979999542236328,10.989999771118164,10.640000343322754,10.989999771118164,11549.0
2026-07-23,11.100000381469727,11.100000381469727,11.149999618530273,10.770000457763672,11.149999618530273,9305.0
2026-07-24,11.3100004196167,11.3100004196167,11.319999694824219,10.880000114440918,11.319999694824219,25812.0
2026-07-27,11.149999618530273,11.149999618530273,11.390000343322754,11.09000015258789,11.199999809265137,8029.0
2026-07-28,11.0600004196167,11.0600004196167,11.350000381469727,10.930000305175781,11.350000381469727,6242.0
2026-07-29,11.25,11.25,11.25,10.84000015258789,11.25,7347.0
2026-07-30,11.039999961853027,11.039999961853027,11.449999809265137,11.029999732971191,11.449999809265137,8494.0
2026-07-31,10.819999694824219,10.819999694824219,10.859999656677246,10.819999694824219,10.859999656677246,2977.0
2026-08-03,10.989999771118164,10.989999771118164,11.029999732971191,10.609999656677246,10.619999885559082,36228.0
2026-08-04,11.039999961853027,11.039999961853027,11.149999618530273,10.800000190734863,10.819999694824219,9357.0
2026-08-05,11.010000228881836,11.010000228881836,11.1899995803833,10.819999694824219,11.1899995803833,23178.0
2026-08-06,10.9399995803833,10.9399995803833,11.1899995803833,10.789999961853027,11.1899995803833,11983.0
2026-08-07,11.1899995803833,11.1899995803833,11.390000343322754,10.4399995803833,11.359999656677246,6055.0
2026-08-10,11.279999732971191,11.279999732971191,11.640000343322754,10.670000076293945,11.640000343322754,37684.0
2026-08-11,11.020000457763672,11.020000457763672,11.6899995803833,10.720000267028809,11.6899995803833,74474.0
2026-08-12,11.390000343322754,11.390000343322754,11.550000190734863,10.609999656677246,11.449999809265137,16033.0
2026-08-13,11.949999809265137,11.949999809265137,11.949999809265137,11.010000228881836,11.569999694824219,28115.0
2026-08-14,12.470000267028809,12.470000267028809,12.539999961853027,11.430000305175781,12.220000267028809,51204.0
2026-08-17,10.278251647949219,10.278251647949219,10.729052543640137,9.843844413757324,10.573322296142578,48026.0
2026-08-18,10.286449432373047,10.286449432373047,10.655284881591797,9.770076751708984,10.483160972595215,25018.0
2026-08-19,10.401198387145996,10.401198387145996,10.409394264221191,9.77827262878418,10.409394264221191,74823.0
2026-08-20,10.097931861877441,10.097931861877441,10.892979621887207,10.007772445678711,10.401198387145996,239903.0
2026-08-21,10.319233894348145,10.319233894348145,10.532340049743652,10.12252140045166,10.12252140045166,21459.0
2026-08-24,10.811016082763672,10.811016082763672,10.827408790588379,10.32742977142334,10.76183795928955,200287.0
2026-08-25,11.359999656677246,11.359999656677246,11.359999656677246,11.010000228881836,11.350000381469727,137274.0
2026-08-26,11.800000190734863,11.800000190734863,11.920000076293945,11.399999618530273,11.680000305175781,103600.0
2026-08-27,12.390000343322754,12.390000343322754,12.390000343322754,11.930000305175781,12.220000267028809,180125.0
2026-08-28,12.579999923706055,12.579999923706055,13.0,12.229999542236328,12.40999984741211,107655.0
2026-08-31,12.050000190734863,12.050000190734863,12.550000190734863,11.960000038146973,11.960000038146973,1293707.0
2026-09-01,11.699999809265137,11.699999809265137,12.449999809265137,11.449999809265137,12.350000381469727,313257.0
2026-09-02,12.279999732971191,12.279999732971191,12.279999732971191,11.319999694824219,11.680000305175781,298209.0
2026-09-03,12.890000343322754,12.890000343322754,12.890000343322754,12.380000114440918,12.40999984741211,514278.0
2026-09-04,13.529999732971191,13.529999732971191,13.529999732971191,13.199999809265137,13.489999771118164,485785.0
2026-09-07,,,13.529999732971191,12.859999656677246,13.5,520228.0
