Date,Adj Close,Close,High,Low,Open,Volume
2025-01-02,1.0021551847457886,1.0609999895095825,1.100000023841858,1.0700000524520874,1.0700000524520874,121679.0
2025-01-03,0.9842091202735901,1.0420000553131104,1.059999942779541,1.0099999904632568,1.059999942779541,8006612.0
2025-01-06,0.9842091202735901,1.0420000553131104,1.0499999523162842,1.0199999809265137,1.0499999523162842,194445.0
2025-01-07,0.9842091202735901,1.0420000553131104,1.031999945640564,1.0299999713897705,1.0299999713897705,53489.0
2025-01-08,0.9842091202735901,1.0420000553131104,1.0299999713897705,1.024999976158142,1.0499999523162842,3778437.0
2025-01-09,0.9842091202735901,1.0420000553131104,1.0260000228881836,1.0199999809265137,1.0260000228881836,868985.0
2025-01-10,0.9842091202735901,1.0420000553131104,1.024999976158142,1.024999976158142,1.024999976158142,82000.0
2025-01-13,0.9842091202735901,1.0420000553131104,1.0299999713897705,1.0299999713897705,1.0299999713897705,4389827.0
2025-01-14,0.9842091202735901,1.0420000553131104,1.059999942779541,1.0399999618530273,1.059999942779541,1911360.0
2025-01-15,0.9842091202735901,1.0420000553131104,1.034999966621399,1.034999966621399,1.0499999523162842,1568366.0
2025-01-16,0.9842091202735901,1.0420000553131104,1.034999966621399,1.034999966621399,1.034999966621399,78545.0
2025-01-17,0.9842091202735901,1.0420000553131104,1.059999942779541,1.059999942779541,1.0499999523162842,2587973.0
2025-01-20,0.9804309606552124,1.0379999876022339,1.0390000343322754,1.0369999408721924,1.0399999618530273,8273623.0
2025-01-21,0.9832645058631897,1.0410000085830688,1.0449999570846558,1.0399999618530273,1.0399999618530273,24615468.0
2025-01-22,0.9832645058631897,1.0410000085830688,1.0399999618530273,1.0399999618530273,1.0399999618530273,6755670.0
2025-01-23,0.9832645058631897,1.0410000085830688,1.0499999523162842,1.0399999618530273,1.0449999570846558,4788638.0
2025-01-24,0.9832645058631897,1.0410000085830688,1.059999942779541,1.0410000085830688,1.059999942779541,763488.0
2025-01-27,0.9832645058631897,1.0410000085830688,1.059999942779541,1.0399999618530273,1.0399999618530273,3737390.0
2025-01-28,0.9832645058631897,1.0410000085830688,1.0779999494552612,1.059999942779541,1.0779999494552612,1463106.0
2025-01-29,1.0097116231918335,1.069000005722046,1.0700000524520874,1.059999942779541,1.059999942779541,9185522.0
2025-01-30,1.0097116231918335,1.069000005722046,1.0950000286102295,1.059999942779541,1.0950000286102295,3831084.0
2025-01-31,1.0097116231918335,1.069000005722046,1.0850000381469727,1.0839999914169312,1.0800000429153442,4459168.0
2025-02-03,1.0097116231918335,1.069000005722046,1.100000023841858,1.069000005722046,1.100000023841858,120000.0
2025-02-04,1.0097116231918335,1.069000005722046,1.0709999799728394,1.0709999799728394,1.069000005722046,2319026.0
2025-02-05,1.0474931001663208,1.1089999675750732,1.1200000047683716,1.100000023841858,1.100000023841858,11324144.0
2025-02-06,1.0484377145767212,1.1100000143051147,1.1100000143051147,1.1100000143051147,1.1100000143051147,28964319.0
2025-02-07,1.0484377145767212,1.1100000143051147,1.1100000143051147,1.1100000143051147,1.1100000143051147,790281.0
2025-02-10,1.0484377145767212,1.1100000143051147,1.1299999952316284,1.1100000143051147,1.1100000143051147,986438.0
2025-02-11,1.0852748155593872,1.1490000486373901,1.149999976158142,1.1200000047683716,1.1399999856948853,24996838.0
2025-02-12,1.0862191915512085,1.149999976158142,1.149999976158142,1.149999976158142,1.149999976158142,23022276.0
2025-02-13,1.0862191915512085,1.149999976158142,1.149999976158142,1.149999976158142,1.149999976158142,36620082.0
2025-02-14,1.123056173324585,1.1890000104904175,1.190000057220459,1.1799999475479126,1.149999976158142,16619213.0
2025-02-17,1.123056173324585,1.1890000104904175,1.2000000476837158,1.1950000524520874,1.1950000524520874,752787.0
2025-02-18,1.169338583946228,1.2380000352859497,1.2489999532699585,1.2000000476837158,1.2000000476837158,13380812.0
2025-02-19,1.169338583946228,1.2380000352859497,1.2999999523162842,1.2599999904632568,1.2999999523162842,5900920.0
2025-02-20,1.249624252319336,1.3229999542236328,1.350000023841858,1.309999942779541,1.3200000524520874,11372081.0
2025-02-21,1.3081856966018677,1.3849999904632568,1.399999976158142,1.350000023841858,1.350000023841858,29006422.0
2025-02-24,1.40925133228302,1.4919999837875366,1.5099999904632568,1.4600000381469727,1.4600000381469727,26050527.0
2025-02-25,1.5084278583526611,1.597000002861023,1.600000023841858,1.5199999809265137,1.4919999837875366,7481461.0
2025-02-26,1.7200044393539429,1.8209999799728394,1.850000023841858,1.600000023841858,1.600000023841858,40577703.0
2025-02-27,1.678444743156433,1.7769999504089355,1.840000033378601,1.75,1.840000033378601,18384210.0
2025-02-28,1.4423102140426636,1.5269999504089355,1.5,1.5,1.7100000381469727,9089267.0
2025-03-03,1.4659236669540405,1.5520000457763672,1.649999976158142,1.0099999904632568,1.5299999713897705,17964314.0
2025-03-04,1.40925133228302,1.4919999837875366,1.5,1.399999976158142,1.5,26958152.0
2025-03-05,1.4149186611175537,1.4980000257492065,1.5,1.4980000257492065,1.5,6971564.0
2025-03-06,1.4073623418807983,1.4900000095367432,1.5,1.4889999628067017,1.4900000095367432,16035257.0
2025-03-07,1.3941386938095093,1.4759999513626099,1.4900000095367432,1.4700000286102295,1.4800000190734863,11601639.0
2025-03-10,1.4168075323104858,1.5,1.5,1.5,1.4800000190734863,33360774.0
2025-03-11,1.4168075323104858,1.5,1.4600000381469727,1.4500000476837158,1.5,2607134.0
2025-03-12,1.4168075323104858,1.5,1.4900000095367432,1.4900000095367432,1.4900000095367432,421554.0
2025-03-13,1.4168075323104858,1.5,1.4900000095367432,1.4500000476837158,1.4900000095367432,942883.0
2025-03-14,1.362968921661377,1.4429999589920044,1.4600000381469727,1.399999976158142,1.5,9917964.0
2025-03-17,1.406417727470398,1.4889999628067017,1.5299999713897705,1.4600000381469727,1.4299999475479126,7379752.0
2025-03-18,1.4640345573425293,1.5499999523162842,1.5700000524520874,1.4609999656677246,1.5299999713897705,6810388.0
2025-03-19,1.4640345573425293,1.5499999523162842,1.4600000381469727,1.4600000381469727,1.5,3068350.0
2025-03-20,1.415863037109375,1.4989999532699585,1.5,1.4800000190734863,1.5,28895571.0
2025-03-21,1.4035841226577759,1.4859999418258667,1.5,1.4600000381469727,1.4800000190734863,10883045.0
2025-03-24,1.4168075323104858,1.5,1.5,1.4989999532699585,1.4859999418258667,43510622.0
2025-03-25,1.4168075323104858,1.5,1.5,1.5,1.5,1000000.0
2025-03-26,1.4168075323104858,1.5,1.4850000143051147,1.4850000143051147,1.5,4196941.0
2025-03-27,1.415863037109375,1.4989999532699585,1.5,1.4950000047683716,1.4989999532699585,17600249.0
2025-03-28,1.415863037109375,1.4989999532699585,1.4950000047683716,1.4950000047683716,1.4500000476837158,1721830.0
2025-03-31,1.415863037109375,1.4989999532699585,1.5,1.5,1.5,2559607.0
2025-04-01,1.415863037109375,1.4989999532699585,1.5,1.4900000095367432,1.5,993154.0
2025-04-02,1.4168075323104858,1.5,1.5,1.4889999628067017,1.4989999532699585,82658549.0
2025-04-03,1.4281420707702637,1.5119999647140503,1.5099999904632568,1.5099999904632568,1.6399999856948853,25756574.0
2025-04-04,1.4281420707702637,1.5119999647140503,1.4900000095367432,1.4700000286102295,1.4900000095367432,494392.0
2025-04-07,1.4281420707702637,1.5119999647140503,1.440000057220459,1.440000057220459,1.5099999904632568,2682442.0
2025-04-08,1.4281420707702637,1.5119999647140503,1.4570000171661377,1.4299999475479126,1.496999979019165,3279628.0
2025-04-09,1.3270765542984009,1.4049999713897705,1.409999966621399,1.399999976158142,1.440000057220459,10834548.0
2025-04-10,1.3270765542984009,1.4049999713897705,1.4800000190734863,1.4800000190734863,1.4199999570846558,1574447.0
2025-04-11,1.312908411026001,1.3899999856948853,1.4199999570846558,1.3700000047683716,1.4199999570846558,7397729.0
2025-04-14,1.369580864906311,1.4500000476837158,1.4500000476837158,1.4500000476837158,1.4500000476837158,17795586.0
2025-04-15,1.369580864906311,1.4500000476837158,1.4600000381469727,1.4600000381469727,1.4800000190734863,2921301.0
2025-04-16,1.369580864906311,1.4500000476837158,1.5399999618530273,1.4900000095367432,1.4900000095367432,3449205.0
2025-04-17,1.369580864906311,1.4500000476837158,1.5199999809265137,1.5,1.5199999809265137,4209118.0
2025-04-21,1.369580864906311,1.4500000476837158,1.5,1.5,1.5,2162364.0
2025-04-22,1.369580864906311,1.4500000476837158,1.4900000095367432,1.4900000095367432,1.4500000476837158,1635502.0
2025-04-23,1.332743763923645,1.4110000133514404,1.5,1.399999976158142,1.4900000095367432,13490641.0
2025-04-24,1.332743763923645,1.4110000133514404,1.4299999475479126,1.4299999475479126,1.4989999532699585,3480094.0
2025-04-25,1.3686362504959106,1.4490000009536743,1.4600000381469727,1.4299999475479126,1.4500000476837158,7469298.0
2025-04-28,1.3686362504959106,1.4490000009536743,1.4700000286102295,1.4700000286102295,1.4600000381469727,2828471.0
2025-04-29,1.3686362504959106,1.4490000009536743,1.4800000190734863,1.4600000381469727,1.4989999532699585,3641763.0
2025-04-30,1.4130295515060425,1.496000051498413,1.5,1.4900000095367432,1.4600000381469727,13650926.0
2025-05-02,1.4130295515060425,1.496000051498413,1.5,1.4700000286102295,1.5,346169.0
2025-05-05,1.4016950130462646,1.4839999675750732,1.5399999618530273,1.4500000476837158,1.4900000095367432,10150581.0
2025-05-06,1.4016950130462646,1.4839999675750732,1.4700000286102295,1.4500000476837158,1.5499999523162842,4876698.0
2025-05-07,1.4016950130462646,1.4839999675750732,1.5,1.5,1.5,81411.0
2025-05-08,1.4016950130462646,1.4839999675750732,1.5399999618530273,1.4800000190734863,1.5399999618530273,596080.0
2025-05-09,1.4016950130462646,1.4839999675750732,1.4800000190734863,1.4500000476837158,1.4800000190734863,736196.0
2025-05-12,1.415172815322876,1.4700000286102295,1.4800000190734863,1.4700000286102295,1.4800000190734863,11080941.0
2025-05-13,1.4142100811004639,1.468999981880188,1.4800000190734863,1.4600000381469727,1.4600000381469727,14754374.0
2025-05-14,1.3757020235061646,1.4290000200271606,1.468000054359436,1.399999976158142,1.4900000095367432,16594900.0
2025-05-15,1.405545949935913,1.4600000381469727,1.4700000286102295,1.4600000381469727,1.440000057220459,9616236.0
2025-05-16,1.5104804039001465,1.569000005722046,1.5800000429153442,1.4700000286102295,1.4700000286102295,87954929.0
2025-05-19,1.5114431381225586,1.5700000524520874,1.5700000524520874,1.569000005722046,1.5700000524520874,17301817.0
2025-05-20,1.5114431381225586,1.5700000524520874,1.5700000524520874,1.5700000524520874,1.5700000524520874,1754909.0
2025-05-22,1.6192657947540283,1.6820000410079956,1.7009999752044678,1.5859999656677246,1.5859999656677246,30989874.0
2025-05-23,1.5451377630233765,1.6050000190734863,1.649999976158142,1.600000023841858,1.659999966621399,20451011.0
2025-05-26,1.5663172006607056,1.6269999742507935,1.659999966621399,1.621000051498413,1.659999966621399,14545658.0
2025-05-27,1.5287718772888184,1.5880000591278076,1.6200000047683716,1.5800000429153442,1.6299999952316284,10417253.0
2025-05-28,1.5287718772888184,1.5880000591278076,1.5499999523162842,1.5499999523162842,1.5800000429153442,4557056.0
2025-05-29,1.540324330329895,1.600000023841858,1.6200000047683716,1.559999942779541,1.559999942779541,60368525.0
2025-05-30,1.5624663829803467,1.6230000257492065,1.6299999952316284,1.6100000143051147,1.6200000047683716,26513693.0
2025-06-02,1.5576529502868652,1.6180000305175781,1.6200000047683716,1.600000023841858,1.6230000257492065,7480813.0
2025-06-03,1.6038625240325928,1.6660000085830688,1.6699999570846558,1.6200000047683716,1.5499999523162842,17126919.0
2025-06-04,1.6048252582550049,1.6670000553131104,1.6799999475479126,1.659999966621399,1.659999966621399,6744525.0
2025-06-05,1.5557276010513306,1.6160000562667847,1.659999966621399,1.5499999523162842,1.6699999570846558,5693322.0
2025-06-06,1.5557276010513306,1.6160000562667847,1.6399999856948853,1.6399999856948853,1.6799999475479126,1667529.0
2025-06-09,1.5557276010513306,1.6160000562667847,1.6399999856948853,1.6399999856948853,1.6399999856948853,3196226.0
2025-06-10,1.5557276010513306,1.6160000562667847,1.649999976158142,1.649999976158142,1.6160000562667847,1431199.0
2025-06-11,1.5557276010513306,1.6160000562667847,1.659999966621399,1.6480000019073486,1.6200000047683716,4239087.0
2025-06-12,1.5884592533111572,1.649999976158142,1.649999976158142,1.649999976158142,1.649999976158142,7162878.0
2025-06-13,1.5682425498962402,1.628999948501587,1.649999976158142,1.6200000047683716,1.659999966621399,10734925.0
2025-06-16,1.5682425498962402,1.628999948501587,1.649999976158142,1.649999976158142,1.649999976158142,3973662.0
2025-06-17,1.5682425498962402,1.628999948501587,1.6299999952316284,1.6299999952316284,1.7000000476837158,2225088.0
2025-06-18,1.5682425498962402,1.628999948501587,1.6299999952316284,1.600000023841858,1.6299999952316284,4780798.0
2025-06-19,1.5778696537017822,1.6390000581741333,1.6399999856948853,1.6399999856948853,1.6399999856948853,6085057.0
2025-06-23,1.5778696537017822,1.6390000581741333,1.6399999856948853,1.6299999952316284,1.6699999570846558,3005124.0
2025-06-24,1.6077134609222412,1.6699999570846558,1.6799999475479126,1.6699999570846558,1.6390000581741333,14109406.0
2025-06-25,1.6077134609222412,1.6699999570846558,1.6100000143051147,1.5499999523162842,1.6699999570846558,2326442.0
2025-06-26,1.6077134609222412,1.6699999570846558,1.5800000429153442,1.5800000429153442,1.5800000429153442,1161716.0
2025-06-27,1.6077134609222412,1.6699999570846558,1.6699999570846558,1.6059999465942383,1.6699999570846558,1065066.0
2025-06-30,1.6077134609222412,1.6699999570846558,1.659999966621399,1.659999966621399,1.659999966621399,68499.0
2025-07-01,1.6077134609222412,1.6699999570846558,1.6699999570846558,1.6699999570846558,1.6699999570846558,1934943.0
2025-07-02,1.6077134609222412,1.6699999570846558,1.6699999570846558,1.600000023841858,1.6699999570846558,629046.0
2025-07-03,1.6077134609222412,1.6699999570846558,1.6200000047683716,1.6200000047683716,1.6699999570846558,2591689.0
2025-07-04,1.6077134609222412,1.6699999570846558,1.6490000486373901,1.600000023841858,1.600000023841858,1178923.0
2025-07-07,1.6077134609222412,1.6699999570846558,1.6399999856948853,1.6399999856948853,1.6699999570846558,2158163.0
2025-07-08,1.5624663829803467,1.6230000257492065,1.6299999952316284,1.6019999980926514,1.6399999856948853,11670113.0
2025-07-09,1.5624663829803467,1.6230000257492065,1.63100004196167,1.63100004196167,1.6330000162124634,2819188.0
2025-07-10,1.5624663829803467,1.6230000257492065,1.6230000257492065,1.6230000257492065,1.6009999513626099,2072434.0
2025-07-11,1.5624663829803467,1.6230000257492065,1.6200000047683716,1.6200000047683716,1.6200000047683716,3593889.0
2025-07-14,1.5624663829803467,1.6230000257492065,1.6299999952316284,1.6200000047683716,1.6200000047683716,4382759.0
2025-07-15,1.5624663829803467,1.6230000257492065,1.6490000486373901,1.6050000190734863,1.6230000257492065,3442468.0
2025-07-17,1.5624663829803467,1.6230000257492065,1.6200000047683716,1.6200000047683716,1.6200000047683716,3008640.0
2025-07-18,1.5624663829803467,1.6230000257492065,1.6390000581741333,1.6390000581741333,1.6390000581741333,680000.0
2025-07-21,1.5624663829803467,1.6230000257492065,1.625,1.625,1.6230000257492065,658116.0
2025-07-22,1.5624663829803467,1.6230000257492065,1.6399999856948853,1.600000023841858,1.600000023841858,4320870.0
2025-07-23,1.5624663829803467,1.6230000257492065,1.6100000143051147,1.6100000143051147,1.6200000047683716,1847148.0
2025-07-24,1.5595782995224,1.6200000047683716,1.6230000257492065,1.6100000143051147,1.6100000143051147,6846550.0
2025-07-25,1.5595782995224,1.6200000047683716,1.6200000047683716,1.6200000047683716,1.6100000143051147,3938074.0
2025-07-28,1.5595782995224,1.6200000047683716,1.6200000047683716,1.6139999628067017,1.6100000143051147,3639076.0
2025-07-29,1.5595782995224,1.6200000047683716,1.6200000047683716,1.6200000047683716,1.6200000047683716,10378.0
2025-07-30,1.5566902160644531,1.6169999837875366,1.6200000047683716,1.6150000095367432,1.6390000581741333,5947296.0
2025-07-31,1.5663172006607056,1.6269999742507935,1.6299999952316284,1.6150000095367432,1.6399999856948853,11402964.0
2025-08-01,1.5624663829803467,1.6230000257492065,1.6299999952316284,1.6299999952316284,1.6299999952316284,5588346.0
2025-08-04,1.554764747619629,1.6150000095367432,1.6200000047683716,1.6130000352859497,1.6130000352859497,17168033.0
2025-08-05,1.554764747619629,1.6150000095367432,1.6200000047683716,1.600000023841858,1.600000023841858,28021.0
2025-08-06,1.554764747619629,1.6150000095367432,1.600000023841858,1.600000023841858,1.600000023841858,2306410.0
2025-08-07,1.539361596107483,1.5989999771118164,1.600000023841858,1.5989999771118164,1.6200000047683716,13386751.0
2025-08-08,1.539361596107483,1.5989999771118164,1.600000023841858,1.600000023841858,1.590000033378601,4045455.0
2025-08-11,1.539361596107483,1.5989999771118164,1.590000033378601,1.590000033378601,1.5989999771118164,1916217.0
2025-08-12,1.539361596107483,1.5989999771118164,1.600000023841858,1.600000023841858,1.600000023841858,3379972.0
2025-08-13,1.539361596107483,1.5989999771118164,1.600000023841858,1.600000023841858,1.600000023841858,633500.0
2025-08-14,1.539361596107483,1.5989999771118164,1.590000033378601,1.590000033378601,1.590000033378601,4240356.0
2025-08-18,1.539361596107483,1.5989999771118164,1.600000023841858,1.5700000524520874,1.590000033378601,821447.0
2025-08-19,1.5143312215805054,1.5729999542236328,1.600000023841858,1.5499999523162842,1.600000023841858,5064576.0
2025-08-20,1.5143312215805054,1.5729999542236328,1.5989999771118164,1.5800000429153442,1.600000023841858,2832484.0
2025-08-21,1.5143312215805054,1.5729999542236328,1.600000023841858,1.565000057220459,1.565000057220459,785340.0
2025-08-22,1.5143312215805054,1.5729999542236328,1.5800000429153442,1.5800000429153442,1.5800000429153442,2294391.0
2025-08-25,1.5538020133972168,1.6139999628067017,1.6449999809265137,1.5729999542236328,1.5729999542236328,52274263.0
2025-08-26,1.5441750288009644,1.6039999723434448,1.6139999628067017,1.600000023841858,1.6139999628067017,5498716.0
2025-08-27,1.5701680183410645,1.63100004196167,1.6349999904632568,1.628999948501587,1.6299999952316284,13285735.0
2025-08-28,1.5884592533111572,1.649999976158142,1.649999976158142,1.6200000047683716,1.6200000047683716,8321767.0
2025-08-29,1.5884592533111572,1.649999976158142,1.649999976158142,1.649999976158142,1.600000023841858,13992350.0
2025-09-01,1.6115642786026,1.6740000247955322,1.690000057220459,1.649999976158142,1.649999976158142,20663072.0
2025-09-02,1.6115642786026,1.6740000247955322,1.6799999475479126,1.649999976158142,1.649999976158142,1422735.0
2025-09-03,1.6115642786026,1.6740000247955322,1.7000000476837158,1.649999976158142,1.7000000476837158,165187.0
2025-09-04,1.6577738523483276,1.722000002861023,1.7300000190734863,1.7200000286102295,1.7300000190734863,5680181.0
2025-09-05,1.7376781702041626,1.8049999475479126,1.850000023841858,1.7200000286102295,1.7200000286102295,30588077.0
2025-09-08,1.7319021224975586,1.7990000247955322,1.8200000524520874,1.7799999713897705,1.809999942779541,19721660.0
2025-09-09,1.7136106491088867,1.7799999713897705,1.7899999618530273,1.7799999713897705,1.7990000247955322,65900826.0
2025-09-10,1.7136106491088867,1.7799999713897705,1.7599999904632568,1.7000000476837158,1.7999999523162842,3254587.0
2025-09-11,1.6847295761108398,1.75,1.75,1.7200000286102295,1.7300000190734863,9697477.0
2025-09-12,1.6828042268753052,1.7480000257492065,1.75,1.7400000095367432,1.75,8782746.0
2025-09-15,1.6828042268753052,1.7480000257492065,1.7510000467300415,1.7510000467300415,1.75,1054499.0
2025-09-16,1.6972447633743286,1.7630000114440918,1.7990000247955322,1.7130000591278076,1.7000000476837158,28338350.0
2025-09-17,1.6972447633743286,1.7630000114440918,1.7990000247955322,1.7990000247955322,1.7990000247955322,1905885.0
2025-09-22,1.6972447633743286,1.7630000114440918,1.7990000247955322,1.75,1.7599999904632568,296438.0
2025-09-23,1.6972447633743286,1.7630000114440918,1.7799999713897705,1.75,1.7799999713897705,307994.0
2025-09-24,1.6972447633743286,1.7630000114440918,1.7400000095367432,1.7400000095367432,1.7209999561309814,1309770.0
2025-09-25,1.6972447633743286,1.7630000114440918,1.7970000505447388,1.7970000505447388,1.7799999713897705,1965513.0
2025-09-26,1.7309393882751465,1.7979999780654907,1.7999999523162842,1.7599999904632568,1.7599999904632568,8396644.0
2025-09-29,1.6568111181259155,1.7209999561309814,1.7799999713897705,1.7200000286102295,1.7999999523162842,15541478.0
2025-09-30,1.6568111181259155,1.7209999561309814,1.7400000095367432,1.7209999561309814,1.7890000343322754,3121904.0
2025-10-01,1.6568111181259155,1.7209999561309814,1.75,1.75,1.75,215778.0
2025-10-02,1.6751025915145874,1.7400000095367432,1.7589999437332153,1.7400000095367432,1.7209999561309814,139017703.0
2025-10-03,1.6751025915145874,1.7400000095367432,1.75,1.7410000562667847,1.75,2938270.0
2025-10-06,1.676065444946289,1.7410000562667847,1.7489999532699585,1.7380000352859497,1.7350000143051147,4888089.0
2025-10-07,1.6933939456939697,1.7589999437332153,1.7899999618530273,1.75,1.7899999618530273,5042859.0
2025-10-08,1.6933939456939697,1.7589999437332153,1.7599999904632568,1.7599999904632568,1.7690000534057617,3024247.0
2025-10-09,1.6933939456939697,1.7589999437332153,1.7610000371932983,1.7599999904632568,1.7899999618530273,2339167.0
2025-10-10,1.6847295761108398,1.75,1.7799999713897705,1.75,1.7999999523162842,8542288.0
2025-10-13,1.665475606918335,1.7300000190734863,1.75,1.7200000286102295,1.75,7003314.0
2025-10-14,1.651997685432434,1.715999960899353,1.7289999723434448,1.7000000476837158,1.75,6095615.0
2025-10-15,1.601937174797058,1.6640000343322754,1.7300000190734863,1.659999966621399,1.7300000190734863,17917254.0
2025-10-16,1.601937174797058,1.6640000343322754,1.6460000276565552,1.6460000276565552,1.659999966621399,2149042.0
2025-10-17,1.546100378036499,1.6059999465942383,1.6460000276565552,1.5989999771118164,1.6109999418258667,31025384.0
2025-10-20,1.5345479249954224,1.593999981880188,1.600000023841858,1.5509999990463257,1.600000023841858,10176859.0
2025-10-21,1.5018160343170166,1.559999942779541,1.600000023841858,1.5499999523162842,1.5800000429153442,5921077.0
2025-10-22,1.4931517839431763,1.5509999990463257,1.5499999523162842,1.5499999523162842,1.5509999990463257,5545509.0
2025-10-23,1.4931517839431763,1.5509999990463257,1.5989999771118164,1.590000033378601,1.5989999771118164,222351.0
2025-10-24,1.4931517839431763,1.5509999990463257,1.5750000476837158,1.5700000524520874,1.5850000381469727,3379261.0
2025-10-27,1.4931517839431763,1.5509999990463257,1.5889999866485596,1.5870000123977661,1.5889999866485596,588575.0
2025-10-28,1.4931517839431763,1.5509999990463257,1.5800000429153442,1.5499999523162842,1.5509999990463257,887787.0
2025-10-29,1.4931517839431763,1.5509999990463257,1.5839999914169312,1.5800000429153442,1.5800000429153442,320941.0
2025-10-30,1.5345479249954224,1.593999981880188,1.6490000486373901,1.5700000524520874,1.5509999990463257,9074893.0
2025-11-03,1.540324330329895,1.600000023841858,1.6399999856948853,1.600000023841858,1.5800000429153442,10665994.0
2025-11-04,1.540324330329895,1.600000023841858,1.625,1.6200000047683716,1.6799999475479126,3047314.0
2025-11-05,1.521070122718811,1.5800000429153442,1.5800000429153442,1.5800000429153442,1.6100000143051147,24759258.0
2025-11-06,1.5278091430664062,1.5870000123977661,1.5800000429153442,1.5800000429153442,1.6239999532699585,9431870.0
2025-11-07,1.5278091430664062,1.5870000123977661,1.61899995803833,1.61899995803833,1.61899995803833,2633441.0
2025-11-10,1.540324330329895,1.600000023841858,1.600000023841858,1.600000023841858,1.600000023841858,8650276.0
2025-11-11,1.540324330329895,1.600000023841858,1.5499999523162842,1.5499999523162842,1.5499999523162842,652201.0
2025-11-12,1.571130633354187,1.6319999694824219,1.6799999475479126,1.6100000143051147,1.6299999952316284,11492138.0
2025-11-13,1.6096389293670654,1.6720000505447388,1.690000057220459,1.6419999599456787,1.6449999809265137,9636339.0
2025-11-14,1.6789534091949463,1.74399995803833,1.7489999532699585,1.690000057220459,1.690000057220459,19969812.0
2025-11-17,1.7213122844696045,1.7879999876022339,1.7999999523162842,1.7610000371932983,1.7899999618530273,6502912.0
2025-11-18,1.647184133529663,1.7109999656677246,1.7790000438690186,1.7100000381469727,1.7990000247955322,22460707.0
2025-11-19,1.706871747970581,1.7730000019073486,1.7899999618530273,1.75,1.75,5908153.0
2025-11-20,1.706871747970581,1.7730000019073486,1.7599999904632568,1.7599999904632568,1.7599999904632568,1455449.0
2025-11-21,1.706871747970581,1.7730000019073486,1.7799999713897705,1.7300000190734863,1.7799999713897705,623647.0
2025-11-24,1.6789534091949463,1.74399995803833,1.75,1.7400000095367432,1.7799999713897705,10905719.0
2025-11-25,1.7280511856079102,1.7949999570846558,1.8300000429153442,1.7599999904632568,1.74399995803833,62301735.0
2025-11-26,1.766559362411499,1.8350000381469727,1.8700000047683716,1.8200000524520874,1.8279999494552612,35670242.0
2025-11-27,1.7983286380767822,1.8680000305175781,1.8700000047683716,1.8300000429153442,1.8350000381469727,45879846.0
2025-11-28,1.8811209201812744,1.9539999961853027,2.0999999046325684,1.8700000047683716,1.8700000047683716,17179470.0
2025-12-01,1.9494729042053223,2.0250000953674316,2.1500000953674316,2.0,2.0,17094437.0
2025-12-02,2.0303397178649902,2.1089999675750732,2.1500000953674316,2.0199999809265137,2.0199999809265137,36109797.0
2025-12-03,2.086176633834839,2.1670000553131104,2.25,2.0,2.180000066757202,28732897.0
2025-12-04,2.0900275707244873,2.1710000038146973,2.180000066757202,2.1700000762939453,2.180000066757202,8091898.0
2025-12-05,2.068847894668579,2.1489999294281006,2.190000057220459,2.0999999046325684,2.1710000038146973,20130905.0
2025-12-09,2.068847894668579,2.1489999294281006,2.1500000953674316,2.130000114440918,2.200000047683716,1616366.0
2025-12-10,2.0524821281433105,2.131999969482422,2.1500000953674316,2.0999999046325684,2.1700000762939453,7853819.0
2025-12-11,2.0524821281433105,2.131999969482422,2.1500000953674316,2.119999885559082,2.0999999046325684,2799082.0
2025-12-12,2.1031126976013184,2.1600000858306885,2.200000047683716,2.0999999046325684,2.119999885559082,6947600.0
2025-12-15,2.1031126976013184,2.1600000858306885,2.200000047683716,2.1600000858306885,2.200000047683716,3229061.0
2025-12-16,1.9979569911956787,2.052000045776367,2.130000114440918,2.049999952316284,2.1500000953674316,9127456.0
2025-12-17,2.1031126976013184,2.1600000858306885,2.190000057220459,2.0899999141693115,2.0999999046325684,14184771.0
2025-12-18,2.112849235534668,2.1700000762939453,2.200000047683716,2.1700000762939453,2.190000057220459,11861689.0
2025-12-19,2.2150838375091553,2.2750000953674316,2.3499999046325684,2.1600000858306885,2.1600000858306885,20638444.0
2025-12-22,2.1488747596740723,2.2070000171661377,2.299999952316284,2.200000047683716,2.299999952316284,13707600.0
2025-12-23,2.2637670040130615,2.325000047683716,2.3499999046325684,2.200000047683716,2.240000009536743,19267241.0
2025-12-24,2.2754507064819336,2.3369998931884766,2.3399999141693115,2.319999933242798,2.390000104904175,5643069.0
2025-12-26,2.2189784049987793,2.2790000438690186,2.3359999656677246,2.259999990463257,2.3369998931884766,177310961.0
2025-12-29,2.182953119277954,2.242000102996826,2.2899999618530273,2.200000047683716,2.2899999618530273,14708227.0
2025-12-30,2.182953119277954,2.242000102996826,2.240000009536743,2.1989998817443848,2.25,3218644.0
2026-01-02,2.111875534057617,2.1689999103546143,2.299999952316284,2.1689999103546143,2.1989998817443848,10712539.0
2026-01-05,2.1284279823303223,2.186000108718872,2.190000057220459,2.1689999103546143,2.200000047683716,4128149.0
2026-01-06,2.150822162628174,2.2090001106262207,2.2300000190734863,2.190000057220459,2.2200000286102295,6008335.0
2026-01-07,2.1634795665740967,2.2219998836517334,2.240000009536743,2.2100000381469727,2.2100000381469727,7331050.0
2026-01-08,2.161532402038574,2.2200000286102295,2.2239999771118164,2.2209999561309814,2.200000047683716,4018781.0
2026-01-09,2.161532402038574,2.2200000286102295,2.190000057220459,2.180000066757202,2.200000047683716,2082041.0
2026-01-12,2.161532402038574,2.2200000286102295,2.1010000705718994,2.0799999237060547,2.190000057220459,2281840.0
2026-01-13,2.21995210647583,2.2799999713897705,2.2799999713897705,2.140000104904175,2.1500000953674316,7908572.0
2026-01-14,2.1323225498199463,2.190000057220459,2.299999952316284,2.190000057220459,2.299999952316284,17730905.0
2026-01-15,2.1323225498199463,2.190000057220459,2.25,2.1500000953674316,2.190000057220459,1267010.0
2026-01-16,2.1109018325805664,2.1679999828338623,2.180000066757202,2.1600000858306885,2.200000047683716,4989882.0
2026-01-19,2.1109018325805664,2.1679999828338623,2.1700000762939453,2.1700000762939453,2.200000047683716,1010603.0
2026-01-20,2.1109018325805664,2.1679999828338623,2.1500000953674316,2.140000104904175,2.1500000953674316,2762498.0
2026-01-21,2.091428518295288,2.1480000019073486,2.1500000953674316,2.140000104904175,2.1700000762939453,4216807.0
2026-01-22,2.0933759212493896,2.1500000953674316,2.1500000953674316,2.1500000953674316,2.1500000953674316,4172254.0
2026-01-23,2.0972704887390137,2.1540000438690186,2.1600000858306885,2.140000104904175,2.1500000953674316,19052071.0
2026-01-26,2.0972704887390137,2.1540000438690186,2.1500000953674316,2.0999999046325684,2.1500000953674316,607440.0
2026-01-27,2.0972704887390137,2.1540000438690186,2.1600000858306885,2.130000114440918,2.1600000858306885,582394.0
2026-01-28,2.0972704887390137,2.1540000438690186,2.134999990463257,2.130000114440918,2.130000114440918,1925468.0
2026-01-29,2.0972704887390137,2.1540000438690186,2.140000104904175,2.130000114440918,2.1500000953674316,3171711.0
2026-01-30,2.0972704887390137,2.1540000438690186,2.1549999713897705,2.1500000953674316,2.200000047683716,2349932.0
2026-02-02,2.088507652282715,2.1449999809265137,2.1500000953674316,2.140000104904175,2.1500000953674316,4829317.0
2026-02-03,2.088507652282715,2.1449999809265137,2.1600000858306885,2.1500000953674316,2.190000057220459,3002167.0
2026-02-04,2.1527693271636963,2.2109999656677246,2.299999952316284,2.1500000953674316,2.1600000858306885,12626661.0
2026-02-05,2.0933759212493896,2.1500000953674316,2.1500000953674316,2.1500000953674316,2.1600000858306885,14544676.0
2026-02-06,2.0933759212493896,2.1500000953674316,2.1500000953674316,2.1500000953674316,2.1500000953674316,893820.0
2026-02-09,2.0933759212493896,2.1500000953674316,2.200000047683716,2.134999990463257,2.200000047683716,248010.0
2026-02-10,2.063192367553711,2.11899995803833,2.1500000953674316,2.119999885559082,2.1500000953674316,8700104.0
2026-02-11,1.986272931098938,2.0399999618530273,2.0799999237060547,2.0399999618530273,2.130000114440918,14353348.0
2026-02-12,1.947326421737671,2.0,2.009999990463257,2.0,2.0399999618530273,7059599.0
2026-02-13,1.947326421737671,2.0,2.049999952316284,2.049999952316284,2.0,1292407.0
2026-02-16,1.9580366611480713,2.010999917984009,2.049999952316284,2.0,2.1700000762939453,5642168.0
2026-02-17,1.9580366611480713,2.010999917984009,1.9600000381469727,1.9600000381469727,2.0290000438690186,1962819.0
2026-02-18,1.9580366611480713,2.010999917984009,1.9700000286102295,1.9700000286102295,1.9700000286102295,853317.0
2026-02-19,1.9580366611480713,2.010999917984009,1.9600000381469727,1.9600000381469727,1.9500000476837158,558957.0
2026-02-20,1.9580366611480713,2.010999917984009,2.0280001163482666,1.9600000381469727,2.0280001163482666,946296.0
2026-02-23,1.9580366611480713,2.010999917984009,1.9800000190734863,1.9700000286102295,2.0,1780749.0
2026-02-24,1.9580366611480713,2.010999917984009,2.0,1.9500000476837158,2.0,395414.0
2026-02-25,1.9142218828201294,1.965999960899353,1.9700000286102295,1.9500000476837158,1.9700000286102295,5283978.0
2026-02-26,1.9142218828201294,1.965999960899353,1.9600000381469727,1.9500000476837158,1.9700000286102295,2206985.0
2026-02-27,1.8791699409484863,1.9299999475479126,1.9600000381469727,1.9299999475479126,1.9600000381469727,586822.0
2026-03-02,1.9142218828201294,1.965999960899353,1.940000057220459,1.940000057220459,1.9700000286102295,1535824.0
2026-03-03,1.7574620246887207,1.8049999475479126,1.8600000143051147,1.7799999713897705,1.9210000038146973,9093654.0
2026-03-04,1.866512417793274,1.9170000553131104,1.9210000038146973,1.899999976158142,1.9199999570846558,21515601.0
2026-03-05,1.7720670700073242,1.8200000524520874,1.9010000228881836,1.8200000524520874,1.9500000476837158,5087579.0
2026-03-06,1.7720670700073242,1.8200000524520874,1.8200000524520874,1.7899999618530273,1.7899999618530273,234635.0
2026-03-09,1.7944613695144653,1.843000054359436,1.8179999589920044,1.8179999589920044,1.8179999589920044,713139.0
2026-03-10,1.7944613695144653,1.843000054359436,1.850000023841858,1.7999999523162842,1.7999999523162842,2394046.0
2026-03-11,1.8217239379882812,1.871000051498413,1.899999976158142,1.850000023841858,1.850000023841858,6685237.0
2026-03-12,1.855802059173584,1.906000018119812,1.9199999570846558,1.8799999952316284,1.8799999952316284,8520495.0
2026-03-13,1.8635914325714111,1.9140000343322754,1.9299999475479126,1.899999976158142,1.906000018119812,12719540.0
2026-03-16,1.9015642404556274,1.9529999494552612,1.9600000381469727,1.940000057220459,1.940000057220459,7126094.0
2026-03-17,1.9288268089294434,1.9809999465942383,2.0,1.9529999494552612,1.9700000286102295,5682647.0
2026-03-18,1.9288268089294434,1.9809999465942383,2.0280001163482666,2.0,2.0,3331586.0
2026-03-19,1.9288268089294434,1.9809999465942383,1.9500000476837158,1.9500000476837158,1.9800000190734863,1933378.0
2026-03-20,1.9288268089294434,1.9809999465942383,1.9700000286102295,1.9700000286102295,1.9700000286102295,2590109.0
2026-03-23,1.9288268089294434,1.9809999465942383,1.9500000476837158,1.9500000476837158,1.9700000286102295,3982691.0
2026-03-24,1.9288268089294434,1.9809999465942383,1.9600000381469727,1.9500000476837158,1.9490000009536743,3787442.0
2026-03-25,1.947326421737671,2.0,2.0199999809265137,1.9600000381469727,1.9600000381469727,7623057.0
2026-03-26,1.947326421737671,2.0,2.0,2.0,2.0,2979882.0
2026-03-27,1.947326421737671,2.0,2.0,2.0,2.049999952316284,8061708.0
2026-03-30,2.0203511714935303,2.075000047683716,2.0999999046325684,2.0,2.0,8255135.0
2026-03-31,2.158611297607422,2.2170000076293945,2.25,2.069999933242798,2.0799999237060547,17092024.0
2026-04-01,2.153743028640747,2.2119998931884766,2.2200000286102295,2.200000047683716,2.2200000286102295,7847170.0
2026-04-02,2.153743028640747,2.2119998931884766,2.1500000953674316,2.1500000953674316,2.1500000953674316,2870789.0
2026-04-06,2.153743028640747,2.2119998931884766,2.1500000953674316,2.1500000953674316,2.1500000953674316,1148191.0
2026-04-07,2.100191593170166,2.1570000648498535,2.200000047683716,2.1500000953674316,2.2100000381469727,9272244.0
2026-04-08,2.100191593170166,2.1570000648498535,2.200000047683716,2.1700000762939453,2.1600000858306885,2548935.0
2026-04-09,2.100191593170166,2.1570000648498535,2.1500000953674316,2.119999885559082,2.1500000953674316,2112250.0
2026-04-10,2.100191593170166,2.1570000648498535,2.1600000858306885,2.1500000953674316,2.1500000953674316,1501806.0
2026-04-13,2.100191593170166,2.1570000648498535,2.0999999046325684,2.0999999046325684,2.1570000648498535,880214.0
2026-04-14,2.0612452030181885,2.117000102996826,2.1489999294281006,2.0999999046325684,2.1489999294281006,5301691.0
2026-04-15,2.0612452030181885,2.117000102996826,2.119999885559082,2.109999895095825,2.119999885559082,1846592.0
2026-04-16,2.0612452030181885,2.117000102996826,2.2200000286102295,2.0999999046325684,2.130000114440918,1862449.0
2026-04-17,2.0612452030181885,2.117000102996826,2.0999999046325684,2.0999999046325684,2.119999885559082,1501385.0
2026-04-20,2.055402994155884,2.1110000610351562,2.119999885559082,2.0,2.0799999237060547,7002991.0
2026-04-21,2.055402994155884,2.1110000610351562,2.049999952316284,2.049999952316284,2.069999933242798,1168750.0
2026-04-22,2.055402994155884,2.1110000610351562,2.0999999046325684,2.0999999046325684,2.0999999046325684,781233.0
2026-04-23,2.055402994155884,2.1110000610351562,2.0999999046325684,2.049999952316284,2.0999999046325684,198777.0
2026-04-24,2.2598724365234375,2.321000099182129,2.3499999046325684,2.0999999046325684,2.0999999046325684,59145174.0
2026-04-27,2.2394254207611084,2.299999952316284,2.299999952316284,2.299999952316284,2.3399999141693115,9483105.0
2026-04-28,2.2394254207611084,2.299999952316284,2.2899999618530273,2.2899999618530273,2.2909998893737793,1348281.0
2026-04-29,2.208268165588379,2.2679998874664307,2.2699999809265137,2.25,2.4000000953674316,22799683.0
2026-04-30,2.203399896621704,2.263000011444092,2.2709999084472656,2.25,2.2709999084472656,4553550.0
2026-05-04,2.203399896621704,2.263000011444092,2.2799999713897705,2.25,2.25,3328686.0
2026-05-05,2.203399896621704,2.263000011444092,2.319999933242798,2.2799999713897705,2.4000000953674316,1806232.0
2026-05-06,2.203399896621704,2.263000011444092,2.2799999713897705,2.259999990463257,2.2799999713897705,2337246.0
2026-05-07,2.203399896621704,2.263000011444092,2.2200000286102295,2.2200000286102295,2.309999942779541,842227.0
2026-05-08,2.1800320148468018,2.239000082015991,2.299999952316284,2.200000047683716,2.2699999809265137,15460045.0
2026-05-11,2.19853138923645,2.257999897003174,2.2699999809265137,2.25,2.25,3789470.0
2026-05-12,2.190742254257202,2.25,2.25,2.25,2.25,31009334.0
2026-05-13,2.190742254257202,2.25,2.299999952316284,2.299999952316284,2.25,1922205.0
2026-05-14,2.2306623458862305,2.2909998893737793,2.3499999046325684,2.25,2.25,4811001.0
2026-05-15,2.3348443508148193,2.3980000019073486,2.440000057220459,2.3499999046325684,2.3499999046325684,8485965.0
2026-05-18,2.3757383823394775,2.440000057220459,2.444999933242798,2.4200000762939453,2.4200000762939453,7948538.0
2026-05-19,2.249161958694458,2.309999942779541,2.450000047683716,2.309999942779541,2.421999931335449,112811192.0
2026-05-20,2.4205267429351807,2.4860000610351562,2.490000009536743,2.450000047683716,2.309999942779541,9641014.0
2026-05-22,2.440000057220459,2.50600004196167,2.549999952316284,2.4600000381469727,2.490000009536743,5937517.0
2026-05-25,2.447999954223633,2.447999954223633,2.5,2.4000000953674316,2.509999990463257,16995425.0
2026-05-26,2.427999973297119,2.427999973297119,2.427999973297119,2.427999973297119,2.3499999046325684,28048251.0
2026-05-27,2.427999973297119,2.427999973297119,2.450000047683716,2.440000057220459,2.440000057220459,3190605.0
2026-05-28,2.427999973297119,2.427999973297119,2.430000066757202,2.430000066757202,2.430000066757202,350870.0
2026-05-29,2.4119999408721924,2.4119999408721924,2.5,2.4000000953674316,2.430000066757202,103916946.0
2026-06-01,2.48799991607666,2.48799991607666,2.500999927520752,2.4000000953674316,2.5299999713897705,728189722.0
2026-06-02,2.6589999198913574,2.6589999198913574,2.700000047683716,2.549999952316284,2.5999999046325684,15102018.0
2026-06-03,2.8299999237060547,2.8299999237060547,2.8299999237060547,2.6600000858306885,2.6600000858306885,10721688.0
2026-06-04,3.0460000038146973,3.0460000038146973,3.119999885559082,2.9489998817443848,2.9700000286102295,15947639.0
2026-06-05,3.069999933242798,3.069999933242798,3.0999999046325684,3.0,3.0999999046325684,12836813.0
2026-06-08,2.9000000953674316,2.9000000953674316,3.069000005722046,2.859999895095825,3.069000005722046,8055861.0
2026-06-09,2.819000005722046,2.819000005722046,2.8499999046325684,2.7990000247955322,2.9000000953674316,8602356.0
2026-06-10,2.7939999103546143,2.7939999103546143,2.819999933242798,2.759999990463257,2.809999942779541,24035548.0
2026-06-11,2.7950000762939453,2.7950000762939453,2.799999952316284,2.7709999084472656,2.7939999103546143,3723535.0
2026-06-12,2.9079999923706055,2.9079999923706055,3.0,2.799999952316284,2.799999952316284,38664619.0
2026-06-15,3.0220000743865967,3.0220000743865967,3.069999933242798,3.0,3.049999952316284,17372832.0
2026-06-16,3.003000020980835,3.003000020980835,3.049999952316284,2.950000047683716,3.0220000743865967,4976421.0
2026-06-17,2.996999979019165,2.996999979019165,3.0,2.990000009536743,3.0,6238072.0
2026-06-18,2.996999979019165,2.996999979019165,2.999000072479248,2.999000072479248,3.0,1642359.0
2026-06-19,3.000999927520752,3.000999927520752,3.0,3.0,3.0,2964545.0
2026-06-22,3.00600004196167,3.00600004196167,3.0199999809265137,3.0,3.0,3340883.0
2026-06-23,2.99399995803833,2.99399995803833,3.0,2.9800000190734863,3.0,6951834.0
2026-06-24,2.99399995803833,2.99399995803833,2.990000009536743,2.9100000858306885,2.990000009536743,390829.0
2026-06-25,3.007999897003174,3.007999897003174,3.0,2.990000009536743,2.9800000190734863,3081129.0
2026-06-26,3.184000015258789,3.184000015258789,3.2699999809265137,3.0899999141693115,3.0999999046325684,20435558.0
2026-06-30,3.380000114440918,3.380000114440918,3.5,3.299999952316284,3.5,27372347.0
2026-07-01,3.428999900817871,3.428999900817871,3.549999952316284,3.380000114440918,3.5,19943516.0
2026-07-02,3.5920000076293945,3.5920000076293945,3.799999952316284,3.5,3.5,38357589.0
2026-07-03,3.688999891281128,3.688999891281128,3.700000047683716,3.5910000801086426,3.5920000076293945,6442388.0
2026-07-06,3.638000011444092,3.638000011444092,3.950000047683716,3.549999952316284,3.869999885559082,22950832.0
2026-07-07,3.621000051498413,3.621000051498413,3.6610000133514404,3.5889999866485596,3.5899999141693115,16927222.0
2026-07-08,3.571000099182129,3.571000099182129,3.619999885559082,3.549999952316284,3.61899995803833,4385725.0
2026-07-09,3.697000026702881,3.697000026702881,3.700000047683716,3.630000114440918,3.700000047683716,7359883.0
2026-07-10,3.927999973297119,3.927999973297119,3.940000057220459,3.7339999675750732,3.9000000953674316,7967260.0
2026-07-13,3.9049999713897705,3.9049999713897705,4.0,3.809999942779541,3.927999973297119,25912905.0
2026-07-14,3.9119999408721924,3.9119999408721924,3.950000047683716,3.9000000953674316,3.950000047683716,12434967.0
2026-07-15,4.2210001945495605,4.2210001945495605,4.449999809265137,4.0,4.0,24438232.0
2026-07-17,4.267000198364258,4.267000198364258,4.690000057220459,4.2210001945495605,4.400000095367432,95517660.0
2026-07-20,4.267000198364258,4.267000198364258,4.267000198364258,4.267000198364258,4.267000198364258,0.0
2026-07-21,4.267000198364258,4.267000198364258,4.267000198364258,4.267000198364258,4.267000198364258,0.0
2026-07-22,4.267000198364258,4.267000198364258,4.267000198364258,4.267000198364258,4.267000198364258,0.0
2026-07-23,4.267000198364258,4.267000198364258,4.267000198364258,4.267000198364258,4.267000198364258,0.0
2026-07-24,4.267000198364258,4.267000198364258,4.267000198364258,4.267000198364258,4.267000198364258,0.0
2026-07-27,4.267000198364258,4.267000198364258,4.267000198364258,4.267000198364258,4.267000198364258,0.0
2026-07-28,4.267000198364258,4.267000198364258,4.267000198364258,4.267000198364258,4.267000198364258,0.0
2026-07-29,4.267000198364258,4.267000198364258,4.267000198364258,4.267000198364258,4.267000198364258,0.0
2026-07-30,4.267000198364258,4.267000198364258,4.267000198364258,4.267000198364258,4.267000198364258,0.0
2026-07-31,4.267000198364258,4.267000198364258,4.267000198364258,4.267000198364258,4.267000198364258,0.0
2026-08-03,4.267000198364258,4.267000198364258,4.267000198364258,4.267000198364258,4.267000198364258,0.0
2026-08-04,4.267000198364258,4.267000198364258,4.267000198364258,4.267000198364258,4.267000198364258,0.0
2026-08-05,4.267000198364258,4.267000198364258,4.267000198364258,4.267000198364258,4.267000198364258,0.0
2026-08-06,4.267000198364258,4.267000198364258,4.267000198364258,4.267000198364258,4.267000198364258,0.0
2026-08-07,4.267000198364258,4.267000198364258,4.267000198364258,4.267000198364258,4.267000198364258,0.0
2026-08-10,4.267000198364258,4.267000198364258,4.267000198364258,4.267000198364258,4.267000198364258,0.0
2026-08-11,4.267000198364258,4.267000198364258,4.267000198364258,4.267000198364258,4.267000198364258,0.0
2026-08-12,4.267000198364258,4.267000198364258,4.267000198364258,4.267000198364258,4.267000198364258,0.0
2026-08-13,4.267000198364258,4.267000198364258,4.267000198364258,4.267000198364258,4.267000198364258,0.0
2026-08-14,4.267000198364258,4.267000198364258,4.267000198364258,4.267000198364258,4.267000198364258,0.0
2026-08-17,4.267000198364258,4.267000198364258,4.267000198364258,4.267000198364258,4.267000198364258,0.0
2026-08-18,4.267000198364258,4.267000198364258,4.267000198364258,4.267000198364258,4.267000198364258,0.0
2026-08-19,4.267000198364258,4.267000198364258,4.267000198364258,4.267000198364258,4.267000198364258,0.0
2026-08-20,4.267000198364258,4.267000198364258,4.267000198364258,4.267000198364258,4.267000198364258,0.0
2026-08-21,4.267000198364258,4.267000198364258,4.267000198364258,4.267000198364258,4.267000198364258,0.0
2026-08-24,4.267000198364258,4.267000198364258,4.267000198364258,4.267000198364258,4.267000198364258,0.0
2026-08-25,4.267000198364258,4.267000198364258,4.267000198364258,4.267000198364258,4.267000198364258,0.0
2026-08-26,4.267000198364258,4.267000198364258,4.267000198364258,4.267000198364258,4.267000198364258,0.0
2026-08-27,4.267000198364258,4.267000198364258,4.267000198364258,4.267000198364258,4.267000198364258,0.0
2026-08-28,4.267000198364258,4.267000198364258,4.267000198364258,4.267000198364258,4.267000198364258,0.0
2026-08-31,4.267000198364258,4.267000198364258,4.267000198364258,4.267000198364258,4.267000198364258,0.0
2026-09-01,4.267000198364258,4.267000198364258,4.267000198364258,4.267000198364258,4.267000198364258,0.0
2026-09-02,4.267000198364258,4.267000198364258,4.267000198364258,4.267000198364258,4.267000198364258,0.0
2026-09-03,4.267000198364258,4.267000198364258,4.267000198364258,4.267000198364258,4.267000198364258,0.0
2026-09-04,4.267000198364258,4.267000198364258,4.267000198364258,4.267000198364258,4.267000198364258,0.0
2026-09-07,4.763000011444092,4.763000011444092,4.809999942779541,4.710000038146973,4.809999942779541,17568401.0
