Date,Adj Close,Close,High,Low,Open,Volume
2025-01-02,1.6242762804031372,1.850000023841858,1.8600000143051147,1.840000033378601,1.8600000143051147,93121100.0
2025-01-03,1.6242762804031372,1.850000023841858,1.8600000143051147,1.840000033378601,1.8600000143051147,80198400.0
2025-01-06,1.6067166328430176,1.8300000429153442,1.8700000047683716,1.8300000429153442,1.850000023841858,168476500.0
2025-01-07,1.6067166328430176,1.8300000429153442,1.850000023841858,1.809999942779541,1.840000033378601,263639200.0
2025-01-08,1.6242762804031372,1.850000023841858,1.850000023841858,1.8200000524520874,1.8300000429153442,218134100.0
2025-01-09,1.5803768634796143,1.7999999523162842,1.840000033378601,1.7999999523162842,1.840000033378601,247152800.0
2025-01-10,1.5803768634796143,1.7999999523162842,1.8200000524520874,1.7899999618530273,1.7999999523162842,273513000.0
2025-01-13,1.6154963970184326,1.840000033378601,1.840000033378601,1.7899999618530273,1.7899999618530273,387243000.0
2025-01-14,1.597936749458313,1.8200000524520874,1.850000023841858,1.8200000524520874,1.840000033378601,172461600.0
2025-01-15,1.6067166328430176,1.8300000429153442,1.8300000429153442,1.7999999523162842,1.8200000524520874,184485900.0
2025-01-16,1.6067166328430176,1.8300000429153442,1.840000033378601,1.8200000524520874,1.8300000429153442,217366900.0
2025-01-17,1.597936749458313,1.8200000524520874,1.840000033378601,1.8200000524520874,1.8300000429153442,218281600.0
2025-01-20,1.6242762804031372,1.850000023841858,1.850000023841858,1.8200000524520874,1.8300000429153442,237127600.0
2025-01-21,1.6067166328430176,1.8300000429153442,1.8600000143051147,1.8200000524520874,1.850000023841858,366778600.0
2025-01-22,1.6681755781173706,1.899999976158142,1.909999966621399,1.8300000429153442,1.8300000429153442,934357300.0
2025-01-23,1.6418359279632568,1.8700000047683716,1.9199999570846558,1.8700000047683716,1.899999976158142,556933200.0
2025-01-24,1.6418359279632568,1.8700000047683716,1.899999976158142,1.8600000143051147,1.8799999952316284,178706000.0
2025-01-27,1.6593958139419556,1.8899999856948853,1.8899999856948853,1.850000023841858,1.8600000143051147,196323400.0
2025-01-28,1.6769554615020752,1.909999966621399,1.9199999570846558,1.8899999856948853,1.899999976158142,414531800.0
2025-01-29,1.7296347618103027,1.9700000286102295,2.0199999809265137,1.940000057220459,2.0,1018719000.0
2025-01-30,1.7208548784255981,1.9600000381469727,1.9800000190734863,1.9500000476837158,1.9700000286102295,335696200.0
2025-01-31,1.7384145259857178,1.9800000190734863,1.9900000095367432,1.9600000381469727,1.9600000381469727,709091800.0
2025-02-03,1.7384145259857178,1.9800000190734863,1.9800000190734863,1.9199999570846558,1.940000057220459,565126600.0
2025-02-04,1.7296347618103027,1.9700000286102295,1.9900000095367432,1.9700000286102295,1.9800000190734863,405897800.0
2025-02-05,1.7296347618103027,1.9700000286102295,1.9800000190734863,1.9500000476837158,1.9800000190734863,270766200.0
2025-02-06,1.7208548784255981,1.9600000381469727,1.9800000190734863,1.9600000381469727,1.9700000286102295,382692200.0
2025-02-07,1.7120749950408936,1.9500000476837158,1.9600000381469727,1.9199999570846558,1.9600000381469727,414831600.0
2025-02-10,1.7208548784255981,1.9600000381469727,1.9600000381469727,1.940000057220459,1.9500000476837158,333380100.0
2025-02-11,1.703295111656189,1.940000057220459,1.9600000381469727,1.940000057220459,1.9500000476837158,192559800.0
2025-02-13,1.7120749950408936,1.9500000476837158,1.9500000476837158,1.9299999475479126,1.9500000476837158,196259200.0
2025-02-14,1.703295111656189,1.940000057220459,1.9600000381469727,1.9299999475479126,1.940000057220459,305856500.0
2025-02-17,1.7384145259857178,1.9800000190734863,1.9800000190734863,1.940000057220459,1.9500000476837158,484713600.0
2025-02-18,1.7471944093704224,1.9900000095367432,1.9900000095367432,1.9700000286102295,1.9800000190734863,357084300.0
2025-02-19,1.7735340595245361,2.0199999809265137,2.0199999809265137,1.9800000190734863,1.9800000190734863,750469500.0
2025-02-20,1.7384145259857178,1.9800000190734863,2.0,1.9600000381469727,2.0,616425800.0
2025-02-21,1.7208548784255981,1.9600000381469727,1.9800000190734863,1.9600000381469727,1.9700000286102295,314026600.0
2025-02-24,1.7208548784255981,1.9600000381469727,1.9700000286102295,1.940000057220459,1.9600000381469727,243231600.0
2025-02-25,1.703295111656189,1.940000057220459,1.9700000286102295,1.940000057220459,1.9600000381469727,341485000.0
2025-02-26,1.6857353448867798,1.9199999570846558,1.9600000381469727,1.899999976158142,1.940000057220459,561699600.0
2025-02-27,1.703295111656189,1.940000057220459,1.9500000476837158,1.909999966621399,1.909999966621399,252754700.0
2025-02-28,1.6857353448867798,1.9199999570846558,1.9199999570846558,1.8899999856948853,1.909999966621399,496018500.0
2025-03-03,1.6857353448867798,1.9199999570846558,1.9500000476837158,1.909999966621399,1.9299999475479126,284190300.0
2025-03-04,1.6857353448867798,1.9199999570846558,1.940000057220459,1.909999966621399,1.9199999570846558,243618700.0
2025-03-05,1.6945152282714844,1.9299999475479126,1.940000057220459,1.909999966621399,1.9299999475479126,222060900.0
2025-03-06,1.6681755781173706,1.899999976158142,1.940000057220459,1.899999976158142,1.940000057220459,232669900.0
2025-03-07,1.6681755781173706,1.899999976158142,1.909999966621399,1.8899999856948853,1.899999976158142,115375500.0
2025-03-10,1.6769554615020752,1.909999966621399,1.940000057220459,1.8899999856948853,1.899999976158142,294941100.0
2025-03-11,1.6769554615020752,1.909999966621399,1.9199999570846558,1.8899999856948853,1.899999976158142,265095700.0
2025-03-12,1.6769554615020752,1.909999966621399,1.909999966621399,1.8899999856948853,1.899999976158142,256044800.0
2025-03-13,1.6681755781173706,1.899999976158142,1.909999966621399,1.8899999856948853,1.909999966621399,104697800.0
2025-03-14,1.6769554615020752,1.909999966621399,1.9199999570846558,1.899999976158142,1.899999976158142,74997100.0
2025-03-17,1.6857353448867798,1.9199999570846558,1.9299999475479126,1.909999966621399,1.909999966621399,172189400.0
2025-03-18,1.6945152282714844,1.9299999475479126,1.940000057220459,1.909999966621399,1.9199999570846558,246114500.0
2025-03-19,1.6857353448867798,1.9199999570846558,1.940000057220459,1.9199999570846558,1.9299999475479126,86545800.0
2025-03-20,1.6857353448867798,1.9199999570846558,1.940000057220459,1.9199999570846558,1.9199999570846558,135343500.0
2025-03-21,1.703295111656189,1.940000057220459,2.0199999809265137,1.9299999475479126,1.9700000286102295,1103930300.0
2025-03-24,1.703295111656189,1.940000057220459,1.940000057220459,1.9299999475479126,1.940000057220459,67214300.0
2025-03-25,1.703295111656189,1.940000057220459,1.9700000286102295,1.9299999475479126,1.9500000476837158,272388100.0
2025-03-26,1.7208548784255981,1.9600000381469727,1.9700000286102295,1.940000057220459,1.940000057220459,178733500.0
2025-03-27,1.7559744119644165,2.0,2.0,1.9600000381469727,1.9700000286102295,429181300.0
2025-03-28,1.7471944093704224,1.9900000095367432,2.0,1.9700000286102295,1.9900000095367432,234934900.0
2025-03-31,1.7208548784255981,1.9600000381469727,1.9800000190734863,1.9600000381469727,1.9700000286102295,283869300.0
2025-04-01,1.7296347618103027,1.9700000286102295,1.9900000095367432,1.9600000381469727,1.9600000381469727,149082700.0
2025-04-02,1.7471944093704224,1.9900000095367432,2.0,1.9600000381469727,1.9800000190734863,311921000.0
2025-04-03,1.7296347618103027,1.9700000286102295,2.0,1.9700000286102295,1.9800000190734863,172268900.0
2025-04-04,1.6945152282714844,1.9299999475479126,1.9700000286102295,1.9199999570846558,1.9700000286102295,338054100.0
2025-04-08,1.6418359279632568,1.8700000047683716,1.9199999570846558,1.8200000524520874,1.909999966621399,442913100.0
2025-04-09,1.6418359279632568,1.8700000047683716,1.8700000047683716,1.7999999523162842,1.850000023841858,328733200.0
2025-04-10,1.6769554615020752,1.909999966621399,1.9299999475479126,1.8899999856948853,1.9199999570846558,219603900.0
2025-04-11,1.6769554615020752,1.909999966621399,1.9199999570846558,1.8899999856948853,1.899999976158142,134062600.0
2025-04-16,1.6857353448867798,1.9199999570846558,1.9299999475479126,1.899999976158142,1.899999976158142,184064000.0
2025-04-17,1.7208548784255981,1.9600000381469727,1.9600000381469727,1.909999966621399,1.9199999570846558,354364800.0
2025-04-18,1.6593958139419556,1.8899999856948853,1.9500000476837158,1.8799999952316284,1.9500000476837158,515741700.0
2025-04-21,1.597936749458313,1.8200000524520874,1.899999976158142,1.8200000524520874,1.8899999856948853,510191500.0
2025-04-22,1.5891567468643188,1.809999942779541,1.840000033378601,1.7899999618530273,1.840000033378601,546269000.0
2025-04-23,1.5891567468643188,1.809999942779541,1.8300000429153442,1.7899999618530273,1.8200000524520874,479823600.0
2025-04-24,1.5891567468643188,1.809999942779541,1.8200000524520874,1.7999999523162842,1.7999999523162842,196052800.0
2025-04-25,1.6119239330291748,1.7699999809265137,1.7699999809265137,1.7400000095367432,1.75,260255000.0
2025-04-28,1.6301379203796387,1.7899999618530273,1.7999999523162842,1.7599999904632568,1.7599999904632568,234511200.0
2025-04-29,1.639244794845581,1.7999999523162842,1.809999942779541,1.7799999713897705,1.7899999618530273,316681800.0
2025-04-30,1.6665656566619873,1.8300000429153442,1.8300000429153442,1.7799999713897705,1.7999999523162842,681311700.0
2025-05-02,1.6665656566619873,1.8300000429153442,1.840000033378601,1.7999999523162842,1.8300000429153442,332811900.0
2025-05-06,1.693886399269104,1.8600000143051147,1.8799999952316284,1.8200000524520874,1.840000033378601,460258100.0
2025-05-07,1.7212071418762207,1.8899999856948853,1.8899999856948853,1.8600000143051147,1.8700000047683716,447903000.0
2025-05-08,1.7121001482009888,1.8799999952316284,1.8899999856948853,1.8600000143051147,1.8799999952316284,310689800.0
2025-05-09,1.7212071418762207,1.8899999856948853,1.8899999856948853,1.8600000143051147,1.8799999952316284,312407700.0
2025-05-13,1.730314016342163,1.899999976158142,1.9199999570846558,1.899999976158142,1.899999976158142,300433600.0
2025-05-14,1.7394208908081055,1.909999966621399,1.9199999570846558,1.8899999856948853,1.899999976158142,320345500.0
2025-05-15,1.730314016342163,1.899999976158142,1.909999966621399,1.8899999856948853,1.909999966621399,264025900.0
2025-05-16,1.7485277652740479,1.9199999570846558,1.940000057220459,1.8899999856948853,1.899999976158142,418384900.0
2025-05-19,1.7394208908081055,1.909999966621399,1.9299999475479126,1.8899999856948853,1.9199999570846558,470256300.0
2025-05-20,1.7849555015563965,1.9600000381469727,1.9700000286102295,1.909999966621399,1.909999966621399,525268000.0
2025-05-21,1.7667416334152222,1.940000057220459,1.9600000381469727,1.940000057220459,1.9500000476837158,227478300.0
2025-05-22,1.7576347589492798,1.9299999475479126,1.9600000381469727,1.9299999475479126,1.940000057220459,255274100.0
2025-05-23,1.7667416334152222,1.940000057220459,1.9500000476837158,1.9299999475479126,1.9500000476837158,105917100.0
2025-05-26,1.775848627090454,1.9500000476837158,1.9600000381469727,1.9299999475479126,1.940000057220459,182878900.0
2025-05-27,1.7485277652740479,1.9199999570846558,1.940000057220459,1.9199999570846558,1.940000057220459,282396400.0
2025-05-28,1.7667416334152222,1.940000057220459,1.9500000476837158,1.9199999570846558,1.9299999475479126,190452700.0
2025-05-29,1.7667416334152222,1.940000057220459,1.9500000476837158,1.9299999475479126,1.940000057220459,184198900.0
2025-05-30,1.7485277652740479,1.9199999570846558,1.940000057220459,1.9199999570846558,1.9299999475479126,205620500.0
2025-06-04,1.7394208908081055,1.909999966621399,1.940000057220459,1.8899999856948853,1.9299999475479126,313923200.0
2025-06-05,1.7667416334152222,1.940000057220459,1.9500000476837158,1.899999976158142,1.909999966621399,269887400.0
2025-06-06,1.7667416334152222,1.940000057220459,1.9500000476837158,1.9199999570846558,1.940000057220459,158942300.0
2025-06-09,1.7667416334152222,1.940000057220459,1.9500000476837158,1.9199999570846558,1.940000057220459,152686500.0
2025-06-10,1.775848627090454,1.9500000476837158,1.9500000476837158,1.9199999570846558,1.9299999475479126,275916900.0
2025-06-11,1.775848627090454,1.9500000476837158,1.9600000381469727,1.940000057220459,1.9500000476837158,310877600.0
2025-06-12,1.7667416334152222,1.940000057220459,1.9600000381469727,1.9299999475479126,1.9500000476837158,322352600.0
2025-06-13,1.7940624952316284,1.9700000286102295,1.9800000190734863,1.9299999475479126,1.940000057220459,474160800.0
2025-06-16,1.775848627090454,1.9500000476837158,1.9800000190734863,1.9500000476837158,1.9600000381469727,288483500.0
2025-06-17,1.775848627090454,1.9500000476837158,1.9700000286102295,1.9500000476837158,1.9500000476837158,185181400.0
2025-06-18,1.7485277652740479,1.9199999570846558,1.9600000381469727,1.9199999570846558,1.9500000476837158,505787000.0
2025-06-19,1.7029931545257568,1.8700000047683716,1.9199999570846558,1.8600000143051147,1.9199999570846558,372779600.0
2025-06-20,1.7212071418762207,1.8899999856948853,1.899999976158142,1.8700000047683716,1.8799999952316284,474035200.0
2025-06-23,1.684779405593872,1.850000023841858,1.8799999952316284,1.840000033378601,1.8799999952316284,246536700.0
2025-06-24,1.7394208908081055,1.909999966621399,1.909999966621399,1.850000023841858,1.8799999952316284,562890300.0
2025-06-25,1.7394208908081055,1.909999966621399,1.909999966621399,1.8799999952316284,1.899999976158142,236027400.0
2025-06-26,1.7485277652740479,1.9199999570846558,1.940000057220459,1.899999976158142,1.899999976158142,321069300.0
2025-06-27,1.7212071418762207,1.8899999856948853,1.9199999570846558,1.8799999952316284,1.9199999570846558,278571600.0
2025-06-30,1.7212071418762207,1.8899999856948853,1.899999976158142,1.8700000047683716,1.8899999856948853,276188100.0
2025-07-01,1.7394208908081055,1.909999966621399,1.909999966621399,1.8700000047683716,1.899999976158142,332942700.0
2025-07-02,1.7394208908081055,1.909999966621399,1.9299999475479126,1.899999976158142,1.909999966621399,233671000.0
2025-07-03,1.7576347589492798,1.9299999475479126,1.9299999475479126,1.899999976158142,1.909999966621399,209512800.0
2025-07-04,1.730314016342163,1.899999976158142,1.9199999570846558,1.8899999856948853,1.9199999570846558,169737200.0
2025-07-07,1.7212071418762207,1.8899999856948853,1.899999976158142,1.8799999952316284,1.8899999856948853,180613100.0
2025-07-08,1.7121001482009888,1.8799999952316284,1.899999976158142,1.8799999952316284,1.8899999856948853,150752400.0
2025-07-09,1.7121001482009888,1.8799999952316284,1.899999976158142,1.8700000047683716,1.8799999952316284,209280100.0
2025-07-11,1.7121001482009888,1.8799999952316284,1.8899999856948853,1.8700000047683716,1.8799999952316284,145606100.0
2025-07-14,1.7212071418762207,1.8899999856948853,1.899999976158142,1.8700000047683716,1.8899999856948853,157848800.0
2025-07-15,1.7029931545257568,1.8700000047683716,1.8899999856948853,1.8600000143051147,1.8899999856948853,426849300.0
2025-07-16,1.7029931545257568,1.8700000047683716,1.899999976158142,1.8700000047683716,1.8700000047683716,260337600.0
2025-07-17,1.7121001482009888,1.8799999952316284,1.8899999856948853,1.8700000047683716,1.8799999952316284,367151500.0
2025-07-18,1.7212071418762207,1.8899999856948853,1.8899999856948853,1.8700000047683716,1.8799999952316284,480030600.0
2025-07-21,1.730314016342163,1.899999976158142,1.909999966621399,1.8799999952316284,1.8899999856948853,457089500.0
2025-07-22,1.730314016342163,1.899999976158142,1.9299999475479126,1.899999976158142,1.899999976158142,551094100.0
2025-07-23,1.7394208908081055,1.909999966621399,1.9199999570846558,1.899999976158142,1.909999966621399,560135600.0
2025-07-24,1.730314016342163,1.899999976158142,1.9299999475479126,1.899999976158142,1.899999976158142,398508300.0
2025-07-25,1.7212071418762207,1.8899999856948853,1.909999966621399,1.8899999856948853,1.899999976158142,210097100.0
2025-07-29,1.7394208908081055,1.909999966621399,1.909999966621399,1.8899999856948853,1.899999976158142,229735400.0
2025-07-30,1.7485277652740479,1.9199999570846558,1.9199999570846558,1.8899999856948853,1.909999966621399,331708400.0
2025-07-31,1.7576347589492798,1.9299999475479126,1.9299999475479126,1.899999976158142,1.909999966621399,348736400.0
2025-08-01,1.7394208908081055,1.909999966621399,1.9299999475479126,1.909999966621399,1.9199999570846558,248341700.0
2025-08-04,1.7394208908081055,1.909999966621399,1.9199999570846558,1.899999976158142,1.909999966621399,123391500.0
2025-08-05,1.7485277652740479,1.9199999570846558,1.940000057220459,1.899999976158142,1.909999966621399,363473000.0
2025-08-06,1.7485277652740479,1.9199999570846558,1.940000057220459,1.909999966621399,1.9299999475479126,621146600.0
2025-08-07,1.7485277652740479,1.9199999570846558,1.940000057220459,1.899999976158142,1.909999966621399,568522400.0
2025-08-08,1.7576347589492798,1.9299999475479126,1.940000057220459,1.909999966621399,1.9199999570846558,391739300.0
2025-08-13,1.7667416334152222,1.940000057220459,1.9700000286102295,1.9299999475479126,1.940000057220459,539839500.0
2025-08-14,1.7485277652740479,1.9199999570846558,1.940000057220459,1.909999966621399,1.9299999475479126,356007000.0
2025-08-15,1.775848627090454,1.9500000476837158,1.9500000476837158,1.909999966621399,1.9199999570846558,480600900.0
2025-08-18,1.7576347589492798,1.9299999475479126,1.9600000381469727,1.9199999570846558,1.9500000476837158,150375400.0
2025-08-19,1.7667416334152222,1.940000057220459,1.9600000381469727,1.9299999475479126,1.9299999475479126,217453300.0
2025-08-20,1.7667416334152222,1.940000057220459,1.940000057220459,1.9199999570846558,1.940000057220459,255012700.0
2025-08-21,1.7576347589492798,1.9299999475479126,1.9500000476837158,1.9199999570846558,1.940000057220459,302068400.0
2025-08-22,1.7485277652740479,1.9199999570846558,1.940000057220459,1.909999966621399,1.9299999475479126,306461500.0
2025-08-25,1.7394208908081055,1.909999966621399,1.9299999475479126,1.909999966621399,1.9299999475479126,240351600.0
2025-08-26,1.7485277652740479,1.9199999570846558,1.9299999475479126,1.899999976158142,1.909999966621399,336598700.0
2025-08-27,1.730314016342163,1.899999976158142,1.9299999475479126,1.899999976158142,1.9199999570846558,166357900.0
2025-08-28,1.7394208908081055,1.909999966621399,1.9199999570846558,1.899999976158142,1.899999976158142,151679500.0
2025-08-29,1.730314016342163,1.899999976158142,1.9199999570846558,1.8899999856948853,1.9199999570846558,459566200.0
2025-09-01,1.7394208908081055,1.909999966621399,1.909999966621399,1.8899999856948853,1.899999976158142,252455400.0
2025-09-02,1.730314016342163,1.899999976158142,1.9199999570846558,1.899999976158142,1.909999966621399,227855500.0
2025-09-03,1.7394208908081055,1.909999966621399,1.9199999570846558,1.899999976158142,1.909999966621399,349599800.0
2025-09-04,1.7394208908081055,1.909999966621399,1.9199999570846558,1.899999976158142,1.909999966621399,181630100.0
2025-09-05,1.7394208908081055,1.909999966621399,1.909999966621399,1.8899999856948853,1.909999966621399,144089400.0
2025-09-08,1.7212071418762207,1.8899999856948853,1.9199999570846558,1.8899999856948853,1.909999966621399,414505700.0
2025-09-09,1.7121001482009888,1.8799999952316284,1.899999976158142,1.8799999952316284,1.899999976158142,296876900.0
2025-09-10,1.7212071418762207,1.8899999856948853,1.899999976158142,1.8799999952316284,1.8899999856948853,216436000.0
2025-09-11,1.730314016342163,1.899999976158142,1.899999976158142,1.8799999952316284,1.8899999856948853,343934800.0
2025-09-12,1.7212071418762207,1.8899999856948853,1.909999966621399,1.8899999856948853,1.899999976158142,194298500.0
2025-09-15,1.7121001482009888,1.8799999952316284,1.899999976158142,1.8799999952316284,1.8899999856948853,165877300.0
2025-09-16,1.7121001482009888,1.8799999952316284,1.8899999856948853,1.8700000047683716,1.8899999856948853,289307100.0
2025-09-17,1.7029931545257568,1.8700000047683716,1.8899999856948853,1.8700000047683716,1.8799999952316284,254468900.0
2025-09-18,1.7029931545257568,1.8700000047683716,1.8899999856948853,1.8700000047683716,1.8799999952316284,157925600.0
2025-09-19,1.7029931545257568,1.8700000047683716,1.8899999856948853,1.8700000047683716,1.8799999952316284,291670800.0
2025-09-22,1.693886399269104,1.8600000143051147,1.8799999952316284,1.850000023841858,1.8700000047683716,290576500.0
2025-09-23,1.693886399269104,1.8600000143051147,1.8700000047683716,1.850000023841858,1.850000023841858,225371100.0
2025-09-24,1.7212071418762207,1.8899999856948853,1.8899999856948853,1.8600000143051147,1.8700000047683716,303670900.0
2025-09-25,1.730314016342163,1.899999976158142,1.899999976158142,1.8799999952316284,1.8899999856948853,262426800.0
2025-09-26,1.730314016342163,1.899999976158142,1.909999966621399,1.899999976158142,1.899999976158142,149852800.0
2025-09-29,1.7394208908081055,1.909999966621399,1.9199999570846558,1.899999976158142,1.9199999570846558,483779200.0
2025-09-30,1.730314016342163,1.899999976158142,1.909999966621399,1.8899999856948853,1.899999976158142,451648200.0
2025-10-01,1.7212071418762207,1.8899999856948853,1.899999976158142,1.8899999856948853,1.899999976158142,258431200.0
2025-10-02,1.730314016342163,1.899999976158142,1.909999966621399,1.8899999856948853,1.899999976158142,250413900.0
2025-10-03,1.7394208908081055,1.909999966621399,1.909999966621399,1.8899999856948853,1.899999976158142,390484600.0
2025-10-06,1.745080590248108,1.850000023841858,1.8700000047683716,1.850000023841858,1.850000023841858,479623800.0
2025-10-07,1.745080590248108,1.850000023841858,1.850000023841858,1.850000023841858,1.850000023841858,0.0
2025-10-08,1.745080590248108,1.850000023841858,1.8700000047683716,1.840000033378601,1.8600000143051147,545988200.0
2025-10-09,1.745080590248108,1.850000023841858,1.8600000143051147,1.840000033378601,1.8600000143051147,204642800.0
2025-10-10,1.7356477975845337,1.840000033378601,1.850000023841858,1.840000033378601,1.850000023841858,122215400.0
2025-10-14,1.72621488571167,1.8300000429153442,1.850000023841858,1.8300000429153442,1.840000033378601,207473000.0
2025-10-15,1.7356477975845337,1.840000033378601,1.8600000143051147,1.8300000429153442,1.840000033378601,369873800.0
2025-10-16,1.72621488571167,1.8300000429153442,1.850000023841858,1.8300000429153442,1.840000033378601,313042500.0
2025-10-17,1.7073490619659424,1.809999942779541,1.8300000429153442,1.809999942779541,1.8300000429153442,270198500.0
2025-10-20,1.7167820930480957,1.8200000524520874,1.8200000524520874,1.7999999523162842,1.8200000524520874,237098800.0
2025-10-21,1.7545135021209717,1.8600000143051147,1.8700000047683716,1.8300000429153442,1.8300000429153442,576567100.0
2025-10-22,1.7545135021209717,1.8600000143051147,1.8700000047683716,1.850000023841858,1.8600000143051147,687495000.0
2025-10-24,1.7733792066574097,1.8799999952316284,1.8899999856948853,1.8600000143051147,1.8600000143051147,862778700.0
2025-10-27,1.7356477975845337,1.840000033378601,1.8899999856948853,1.840000033378601,1.8899999856948853,545467700.0
2025-10-28,1.7545135021209717,1.8600000143051147,1.8600000143051147,1.8300000429153442,1.840000033378601,545904900.0
2025-10-29,1.745080590248108,1.850000023841858,1.8799999952316284,1.850000023841858,1.8600000143051147,446777100.0
2025-10-30,1.745080590248108,1.850000023841858,1.8600000143051147,1.840000033378601,1.850000023841858,542634900.0
2025-10-31,1.745080590248108,1.850000023841858,1.8700000047683716,1.850000023841858,1.850000023841858,250785600.0
2025-11-03,1.7545135021209717,1.8600000143051147,1.8600000143051147,1.840000033378601,1.8600000143051147,244781300.0
2025-11-04,1.7356477975845337,1.840000033378601,1.8700000047683716,1.840000033378601,1.850000023841858,393068200.0
2025-11-05,1.7356477975845337,1.840000033378601,1.8600000143051147,1.8300000429153442,1.840000033378601,310582600.0
2025-11-06,1.7356477975845337,1.840000033378601,1.850000023841858,1.8300000429153442,1.850000023841858,396825200.0
2025-11-07,1.72621488571167,1.8300000429153442,1.840000033378601,1.8300000429153442,1.840000033378601,95531800.0
2025-11-10,1.7167820930480957,1.8200000524520874,1.840000033378601,1.8200000524520874,1.840000033378601,224785600.0
2025-11-11,1.7356477975845337,1.840000033378601,1.850000023841858,1.8200000524520874,1.8300000429153442,406245500.0
2025-11-12,1.72621488571167,1.8300000429153442,1.850000023841858,1.8200000524520874,1.840000033378601,437209600.0
2025-11-13,1.7356477975845337,1.840000033378601,1.850000023841858,1.8300000429153442,1.8300000429153442,169122600.0
2025-11-14,1.7356477975845337,1.840000033378601,1.840000033378601,1.8200000524520874,1.840000033378601,219488100.0
2025-11-17,1.745080590248108,1.850000023841858,1.850000023841858,1.8300000429153442,1.840000033378601,306914800.0
2025-11-18,1.7356477975845337,1.840000033378601,1.850000023841858,1.8300000429153442,1.8300000429153442,203640600.0
2025-11-19,1.7828121185302734,1.8899999856948853,1.8899999856948853,1.840000033378601,1.850000023841858,805449800.0
2025-11-20,1.7922449111938477,1.899999976158142,1.909999966621399,1.8700000047683716,1.8899999856948853,563801100.0
2025-11-21,1.8111106157302856,1.9199999570846558,1.9199999570846558,1.8799999952316284,1.8799999952316284,789798800.0
2025-11-24,1.8016778230667114,1.909999966621399,1.9299999475479126,1.899999976158142,1.9199999570846558,321882600.0
2025-11-25,1.8205435276031494,1.9299999475479126,1.9299999475479126,1.909999966621399,1.909999966621399,566859100.0
2025-11-26,1.8677078485488892,1.9800000190734863,1.9900000095367432,1.940000057220459,1.940000057220459,1293899800.0
2025-11-27,1.8299764394760132,1.940000057220459,1.9800000190734863,1.940000057220459,1.9800000190734863,322765100.0
2025-11-28,1.8205435276031494,1.9299999475479126,1.9500000476837158,1.909999966621399,1.9500000476837158,423094800.0
2025-12-01,1.8205435276031494,1.9299999475479126,1.940000057220459,1.909999966621399,1.9199999570846558,376643200.0
2025-12-02,1.858275055885315,1.9700000286102295,1.9700000286102295,1.9199999570846558,1.940000057220459,425741000.0
2025-12-03,1.858275055885315,1.9700000286102295,1.9800000190734863,1.9500000476837158,1.9600000381469727,466786600.0
2025-12-04,1.8677078485488892,1.9800000190734863,1.9900000095367432,1.9500000476837158,1.9600000381469727,584823700.0
2025-12-08,1.858275055885315,1.9700000286102295,1.9800000190734863,1.9500000476837158,1.9800000190734863,310348800.0
2025-12-09,1.8488421440124512,1.9600000381469727,1.9700000286102295,1.9500000476837158,1.9600000381469727,205639300.0
2025-12-11,1.8488421440124512,1.9600000381469727,1.9700000286102295,1.940000057220459,1.9600000381469727,375427500.0
2025-12-12,1.839409351348877,1.9500000476837158,1.9600000381469727,1.940000057220459,1.9600000381469727,190726000.0
2025-12-15,1.8677078485488892,1.9800000190734863,1.9900000095367432,1.940000057220459,1.9500000476837158,466789800.0
2025-12-16,1.877140760421753,1.9900000095367432,1.9900000095367432,1.9600000381469727,1.9700000286102295,457519900.0
2025-12-17,1.877140760421753,1.9900000095367432,2.0,1.9800000190734863,1.9800000190734863,448682300.0
2025-12-18,1.9620364904403687,2.0799999237060547,2.0799999237060547,1.9900000095367432,1.9900000095367432,952055000.0
2025-12-19,1.9054393768310547,2.0199999809265137,2.0799999237060547,2.0199999809265137,2.059999942779541,323226700.0
2025-12-22,1.9054393768310547,2.0199999809265137,2.059999942779541,2.0,2.0399999618530273,205219600.0
2025-12-23,1.8865736722946167,2.0,2.0399999618530273,2.0,2.0399999618530273,119219300.0
2025-12-24,1.9054393768310547,2.0199999809265137,2.059999942779541,2.0,2.0199999809265137,525566300.0
2025-12-25,1.9243050813674927,2.0399999618530273,2.0399999618530273,2.0199999809265137,2.0399999618530273,55658300.0
2025-12-26,1.9054393768310547,2.0199999809265137,2.0399999618530273,2.0,2.0199999809265137,163452800.0
2025-12-29,1.9243050813674927,2.0399999618530273,2.0399999618530273,2.0,2.0199999809265137,151062100.0
2025-12-30,1.9054393768310547,2.0199999809265137,2.059999942779541,2.0199999809265137,2.0399999618530273,303728900.0
2026-01-05,1.9431707859039307,2.059999942779541,2.0999999046325684,2.0399999618530273,2.0399999618530273,648636700.0
2026-01-06,1.9620364904403687,2.0799999237060547,2.0799999237060547,2.0399999618530273,2.059999942779541,454800900.0
2026-01-07,1.9054393768310547,2.0199999809265137,2.0799999237060547,2.0,2.059999942779541,577195300.0
2026-01-08,1.9243050813674927,2.0399999618530273,2.0399999618530273,2.0,2.0199999809265137,178293100.0
2026-01-09,1.9243050813674927,2.0399999618530273,2.059999942779541,2.0199999809265137,2.0399999618530273,181479000.0
2026-01-12,1.9243050813674927,2.0399999618530273,2.059999942779541,2.0199999809265137,2.0399999618530273,255488900.0
2026-01-13,1.9243050813674927,2.0399999618530273,2.059999942779541,2.0199999809265137,2.0399999618530273,172195700.0
2026-01-14,1.9054393768310547,2.0199999809265137,2.0399999618530273,2.0,2.0199999809265137,132503600.0
2026-01-15,1.9054393768310547,2.0199999809265137,2.0399999618530273,2.0199999809265137,2.0399999618530273,123229700.0
2026-01-16,1.9431707859039307,2.059999942779541,2.059999942779541,2.0199999809265137,2.0199999809265137,500304400.0
2026-01-19,1.9243050813674927,2.0399999618530273,2.059999942779541,2.0199999809265137,2.0399999618530273,325601100.0
2026-01-20,1.9243050813674927,2.0399999618530273,2.059999942779541,2.0399999618530273,2.0399999618530273,216220400.0
2026-01-21,1.9054393768310547,2.0199999809265137,2.059999942779541,2.0,2.0399999618530273,610269200.0
2026-01-22,1.9054393768310547,2.0199999809265137,2.0399999618530273,2.0,2.0199999809265137,241979100.0
2026-01-23,1.877140760421753,1.9900000095367432,2.0199999809265137,1.9800000190734863,2.0199999809265137,573244000.0
2026-01-26,1.877140760421753,1.9900000095367432,2.0199999809265137,1.9800000190734863,1.9900000095367432,426170900.0
2026-01-27,1.8865736722946167,2.0,2.0199999809265137,1.9800000190734863,1.9900000095367432,477055800.0
2026-01-28,1.877140760421753,1.9900000095367432,2.0,1.9800000190734863,2.0,325220800.0
2026-01-29,1.877140760421753,1.9900000095367432,2.0,1.9800000190734863,1.9900000095367432,231019000.0
2026-01-30,1.9054393768310547,2.0199999809265137,2.0199999809265137,1.9800000190734863,1.9900000095367432,255227500.0
2026-02-02,1.8677078485488892,1.9800000190734863,2.0199999809265137,1.9700000286102295,2.0,393858800.0
2026-02-03,1.877140760421753,1.9900000095367432,2.0199999809265137,1.9900000095367432,1.9900000095367432,369404800.0
2026-02-04,1.8677078485488892,1.9800000190734863,2.0199999809265137,1.9700000286102295,2.0,394566600.0
2026-02-05,1.8865736722946167,2.0,2.0,1.9800000190734863,1.9900000095367432,277251500.0
2026-02-06,1.8677078485488892,1.9800000190734863,2.0,1.9800000190734863,2.0,237820900.0
2026-02-09,1.9054393768310547,2.0199999809265137,2.0399999618530273,2.0,2.0199999809265137,2473237483.0
2026-02-10,1.9054393768310547,2.0199999809265137,2.0399999618530273,2.0,2.0199999809265137,176086600.0
2026-02-11,1.9054393768310547,2.0199999809265137,2.0399999618530273,2.0,2.0199999809265137,169794600.0
2026-02-12,1.9054393768310547,2.0199999809265137,2.0399999618530273,2.0,2.0,546388100.0
2026-02-13,1.9054393768310547,2.0199999809265137,2.0399999618530273,2.0,2.0,116990400.0
2026-02-16,1.9431707859039307,2.059999942779541,2.059999942779541,2.0199999809265137,2.0199999809265137,384381900.0
2026-02-17,1.9809021949768066,2.0999999046325684,2.0999999046325684,2.0399999618530273,2.0399999618530273,928190700.0
2026-02-18,2.0752310752868652,2.200000047683716,2.200000047683716,2.140000104904175,2.1600000858306885,920286600.0
2026-02-19,2.1318283081054688,2.259999990463257,2.2799999713897705,2.200000047683716,2.2200000286102295,613605200.0
2026-02-20,2.1695597171783447,2.299999952316284,2.319999933242798,2.240000009536743,2.259999990463257,723194400.0
2026-02-23,2.188425302505493,2.319999933242798,2.380000114440918,2.2799999713897705,2.319999933242798,561358200.0
2026-02-24,2.188425302505493,2.319999933242798,2.3399999141693115,2.2799999713897705,2.299999952316284,304585000.0
2026-02-25,2.188425302505493,2.319999933242798,2.3399999141693115,2.2799999713897705,2.319999933242798,321727500.0
2026-02-26,2.2072911262512207,2.3399999141693115,2.359999895095825,2.299999952316284,2.299999952316284,287106800.0
2026-02-27,2.226156711578369,2.359999895095825,2.380000114440918,2.319999933242798,2.3399999141693115,460592900.0
2026-03-02,2.1695597171783447,2.299999952316284,2.3399999141693115,2.2799999713897705,2.299999952316284,460491800.0
2026-03-04,2.0752310752868652,2.200000047683716,2.259999990463257,2.140000104904175,2.240000009536743,741542900.0
2026-03-05,2.0940966606140137,2.2200000286102295,2.259999990463257,2.180000066757202,2.240000009536743,495544500.0
2026-03-06,2.0752310752868652,2.200000047683716,2.240000009536743,2.200000047683716,2.200000047683716,209048300.0
2026-03-09,2.0563652515411377,2.180000066757202,2.200000047683716,2.119999885559082,2.1600000858306885,423497300.0
2026-03-10,2.0752310752868652,2.200000047683716,2.2200000286102295,2.180000066757202,2.200000047683716,337376100.0
2026-03-11,2.0752310752868652,2.200000047683716,2.240000009536743,2.200000047683716,2.200000047683716,431950300.0
2026-03-12,2.0940966606140137,2.2200000286102295,2.2200000286102295,2.180000066757202,2.200000047683716,200612500.0
2026-03-13,2.1318283081054688,2.259999990463257,2.2799999713897705,2.200000047683716,2.200000047683716,375390600.0
2026-03-16,2.0940966606140137,2.2200000286102295,2.2799999713897705,2.2200000286102295,2.259999990463257,201295700.0
2026-03-17,2.0940966606140137,2.2200000286102295,2.259999990463257,2.2200000286102295,2.240000009536743,238271200.0
2026-03-18,2.1318283081054688,2.259999990463257,2.2799999713897705,2.240000009536743,2.240000009536743,500657300.0
2026-03-19,2.112962484359741,2.240000009536743,2.259999990463257,2.2200000286102295,2.240000009536743,281069900.0
2026-03-20,2.112962484359741,2.240000009536743,2.259999990463257,2.2200000286102295,2.240000009536743,280891600.0
2026-03-23,2.0563652515411377,2.180000066757202,2.2200000286102295,2.180000066757202,2.2200000286102295,267596400.0
2026-03-24,2.0752310752868652,2.200000047683716,2.2200000286102295,2.180000066757202,2.200000047683716,254798400.0
2026-03-25,2.1318283081054688,2.259999990463257,2.2799999713897705,2.2200000286102295,2.2200000286102295,372455400.0
2026-03-26,2.1695597171783447,2.299999952316284,2.319999933242798,2.240000009536743,2.259999990463257,601795200.0
2026-03-27,2.150693893432617,2.2799999713897705,2.3399999141693115,2.259999990463257,2.319999933242798,349416100.0
2026-03-30,2.1318283081054688,2.259999990463257,2.2799999713897705,2.240000009536743,2.259999990463257,119581700.0
2026-03-31,2.1695597171783447,2.299999952316284,2.299999952316284,2.259999990463257,2.2799999713897705,313344800.0
2026-04-01,2.1695597171783447,2.299999952316284,2.3399999141693115,2.2799999713897705,2.319999933242798,304872500.0
2026-04-02,2.188425302505493,2.319999933242798,2.319999933242798,2.2799999713897705,2.299999952316284,175512800.0
2026-04-03,2.188425302505493,2.319999933242798,2.359999895095825,2.299999952316284,2.319999933242798,388629400.0
2026-04-07,2.188425302505493,2.319999933242798,2.3399999141693115,2.299999952316284,2.3399999141693115,181497200.0
2026-04-08,2.2072911262512207,2.3399999141693115,2.359999895095825,2.319999933242798,2.319999933242798,229139100.0
2026-04-09,2.226156711578369,2.359999895095825,2.380000114440918,2.3399999141693115,2.3399999141693115,264486800.0
2026-04-10,2.245022773742676,2.380000114440918,2.380000114440918,2.3399999141693115,2.359999895095825,246180300.0
2026-04-16,2.188425302505493,2.319999933242798,2.4000000953674316,2.299999952316284,2.380000114440918,402012600.0
2026-04-17,2.0940966606140137,2.2200000286102295,2.319999933242798,2.2200000286102295,2.299999952316284,504224100.0
2026-04-20,2.1318283081054688,2.259999990463257,2.2799999713897705,2.2200000286102295,2.240000009536743,248071400.0
2026-04-21,2.150693893432617,2.2799999713897705,2.299999952316284,2.259999990463257,2.259999990463257,303107300.0
2026-04-22,2.112962484359741,2.240000009536743,2.319999933242798,2.240000009536743,2.299999952316284,288644400.0
2026-04-23,2.0940966606140137,2.2200000286102295,2.259999990463257,2.200000047683716,2.240000009536743,261775100.0
2026-04-24,2.112962484359741,2.240000009536743,2.240000009536743,2.2200000286102295,2.240000009536743,207671100.0
2026-04-27,2.1207449436187744,2.180000066757202,2.2200000286102295,2.180000066757202,2.200000047683716,208977800.0
2026-04-28,2.1596577167510986,2.2200000286102295,2.240000009536743,2.200000047683716,2.200000047683716,308472400.0
2026-04-29,2.237483263015747,2.299999952316284,2.299999952316284,2.240000009536743,2.240000009536743,382633300.0
2026-04-30,2.198570489883423,2.259999990463257,2.2799999713897705,2.240000009536743,2.259999990463257,228545100.0
2026-05-01,2.198570489883423,2.259999990463257,2.259999990463257,2.259999990463257,2.259999990463257,0.0
2026-05-04,2.198570489883423,2.259999990463257,2.259999990463257,2.259999990463257,2.259999990463257,0.0
2026-05-05,2.218026876449585,2.2799999713897705,2.299999952316284,2.259999990463257,2.2799999713897705,301013600.0
2026-05-06,2.237483263015747,2.299999952316284,2.299999952316284,2.259999990463257,2.299999952316284,293795400.0
2026-05-07,2.198570489883423,2.259999990463257,2.299999952316284,2.259999990463257,2.2799999713897705,150176800.0
2026-05-08,2.198570489883423,2.259999990463257,2.299999952316284,2.259999990463257,2.259999990463257,180457500.0
2026-05-11,2.1791141033172607,2.240000009536743,2.2799999713897705,2.240000009536743,2.259999990463257,207223800.0
2026-05-12,2.198570489883423,2.259999990463257,2.2799999713897705,2.240000009536743,2.240000009536743,131570700.0
2026-05-13,2.1791141033172607,2.240000009536743,2.259999990463257,2.2200000286102295,2.259999990463257,204259900.0
2026-05-14,2.218026876449585,2.2799999713897705,2.2799999713897705,2.240000009536743,2.240000009536743,364652900.0
2026-05-15,2.237483263015747,2.299999952316284,2.319999933242798,2.259999990463257,2.259999990463257,483687400.0
2026-05-18,2.256939649581909,2.319999933242798,2.3399999141693115,2.2799999713897705,2.2799999713897705,266669800.0
2026-05-19,2.256939649581909,2.319999933242798,2.359999895095825,2.299999952316284,2.319999933242798,308748100.0
2026-05-20,2.276395797729492,2.3399999141693115,2.3399999141693115,2.2799999713897705,2.319999933242798,173899400.0
2026-05-21,2.237483263015747,2.299999952316284,2.359999895095825,2.299999952316284,2.3399999141693115,188055800.0
2026-05-22,2.256939649581909,2.319999933242798,2.3399999141693115,2.299999952316284,2.319999933242798,103683300.0
2026-05-25,2.276395797729492,2.3399999141693115,2.3399999141693115,2.319999933242798,2.319999933242798,79942600.0
2026-05-26,2.2958521842956543,2.359999895095825,2.359999895095825,2.319999933242798,2.319999933242798,112077200.0
2026-05-27,2.276395797729492,2.3399999141693115,2.359999895095825,2.319999933242798,2.359999895095825,172537700.0
2026-05-28,2.237483263015747,2.299999952316284,2.3399999141693115,2.299999952316284,2.319999933242798,172837700.0
2026-05-29,2.218026876449585,2.2799999713897705,2.319999933242798,2.2799999713897705,2.299999952316284,165004300.0
2026-06-01,2.218026876449585,2.2799999713897705,2.2799999713897705,2.2799999713897705,2.2799999713897705,0.0
2026-06-02,2.256939649581909,2.319999933242798,2.3399999141693115,2.2799999713897705,2.299999952316284,233123800.0
2026-06-03,2.256939649581909,2.319999933242798,2.319999933242798,2.319999933242798,2.319999933242798,0.0
2026-06-04,2.218026876449585,2.2799999713897705,2.3399999141693115,2.2799999713897705,2.319999933242798,277580900.0
2026-06-05,2.256939649581909,2.319999933242798,2.3399999141693115,2.2799999713897705,2.299999952316284,322322400.0
2026-06-08,2.237483263015747,2.299999952316284,2.3399999141693115,2.299999952316284,2.319999933242798,153126200.0
2026-06-09,2.237483263015747,2.299999952316284,2.319999933242798,2.2799999713897705,2.319999933242798,199566000.0
2026-06-10,2.218026876449585,2.2799999713897705,2.319999933242798,2.2799999713897705,2.319999933242798,92864400.0
2026-06-11,2.237483263015747,2.299999952316284,2.319999933242798,2.2799999713897705,2.299999952316284,165345900.0
2026-06-12,2.2958521842956543,2.359999895095825,2.359999895095825,2.299999952316284,2.299999952316284,202353200.0
2026-06-15,2.2958521842956543,2.359999895095825,2.380000114440918,2.3399999141693115,2.359999895095825,305057767.0
2026-06-16,2.3347651958465576,2.4000000953674316,2.4200000762939453,2.3399999141693115,2.359999895095825,466230000.0
2026-06-17,2.3347651958465576,2.4000000953674316,2.4200000762939453,2.359999895095825,2.4000000953674316,303932100.0
2026-06-18,2.3542215824127197,2.4200000762939453,2.440000057220459,2.380000114440918,2.4000000953674316,359621100.0
2026-06-19,2.3153088092803955,2.380000114440918,2.4200000762939453,2.380000114440918,2.4200000762939453,213868900.0
2026-06-22,2.3347651958465576,2.4000000953674316,2.4200000762939453,2.380000114440918,2.4000000953674316,185389000.0
2026-06-23,2.3347651958465576,2.4000000953674316,2.4200000762939453,2.359999895095825,2.380000114440918,448792800.0
2026-06-24,2.3347651958465576,2.4000000953674316,2.4200000762939453,2.380000114440918,2.4000000953674316,169417100.0
2026-06-25,2.3347651958465576,2.4000000953674316,2.440000057220459,2.4000000953674316,2.4200000762939453,228348900.0
2026-06-26,2.373677968978882,2.440000057220459,2.440000057220459,2.4000000953674316,2.4200000762939453,170599700.0
2026-06-29,2.373677968978882,2.440000057220459,2.440000057220459,2.380000114440918,2.440000057220459,564042000.0
2026-06-30,2.393134355545044,2.4600000381469727,2.4800000190734863,2.4200000762939453,2.440000057220459,246663000.0
2026-07-01,2.393134355545044,2.4600000381469727,2.5,2.4600000381469727,2.4600000381469727,210283300.0
2026-07-02,2.4904160499572754,2.559999942779541,2.5799999237060547,2.4600000381469727,2.4800000190734863,380353700.0
2026-07-03,2.4904160499572754,2.559999942779541,2.559999942779541,2.5199999809265137,2.559999942779541,213646200.0
2026-07-06,2.4904160499572754,2.559999942779541,2.5799999237060547,2.5,2.559999942779541,234960300.0
2026-07-07,2.4904160499572754,2.559999942779541,2.5999999046325684,2.5399999618530273,2.559999942779541,384723600.0
2026-07-08,2.5293288230895996,2.5999999046325684,2.619999885559082,2.559999942779541,2.5799999237060547,404920900.0
2026-07-09,2.568241596221924,2.640000104904175,2.680000066757202,2.5799999237060547,2.5999999046325684,385848400.0
2026-07-10,2.568241596221924,2.640000104904175,2.6600000858306885,2.619999885559082,2.640000104904175,196425556.0
2026-07-13,2.568241596221924,2.640000104904175,2.680000066757202,2.619999885559082,2.640000104904175,243167600.0
2026-07-14,2.568241596221924,2.640000104904175,2.6600000858306885,2.5999999046325684,2.619999885559082,393540500.0
2026-07-15,2.587697982788086,2.6600000858306885,2.680000066757202,2.640000104904175,2.6600000858306885,287725300.0
2026-07-16,2.6460671424865723,2.7200000286102295,2.740000009536743,2.6600000858306885,2.6600000858306885,318371000.0
2026-07-17,2.6460671424865723,2.7200000286102295,2.740000009536743,2.700000047683716,2.7200000286102295,289350400.0
2026-07-20,2.8795435428619385,2.9600000381469727,3.0,2.700000047683716,2.7200000286102295,986974000.0
2026-07-21,2.8600873947143555,2.940000057220459,3.0,2.859999895095825,3.0,754257500.0
2026-07-22,2.801718235015869,2.880000114440918,2.9200000762939453,2.859999895095825,2.9200000762939453,447672200.0
2026-07-23,2.8211746215820312,2.9000000953674316,2.940000057220459,2.880000114440918,2.9000000953674316,354776000.0
2026-07-24,2.937912702560425,3.0199999809265137,3.0199999809265137,2.880000114440918,2.880000114440918,818020500.0
2026-07-27,2.996281862258911,3.0799999237060547,3.140000104904175,3.0,3.0199999809265137,703982500.0
2026-07-28,2.996281862258911,3.0799999237060547,3.0799999237060547,3.0799999237060547,3.0799999237060547,0.0
2026-07-29,2.996281862258911,3.0799999237060547,3.0799999237060547,3.0799999237060547,3.0799999237060547,0.0
2026-07-30,2.957369089126587,3.0399999618530273,3.059999942779541,2.9800000190734863,3.0399999618530273,580279100.0
2026-07-31,2.976825475692749,3.059999942779541,3.0999999046325684,3.0199999809265137,3.0199999809265137,556010400.0
2026-08-03,3.0157382488250732,3.0999999046325684,3.119999885559082,3.0399999618530273,3.0799999237060547,536406100.0
2026-08-04,2.996281862258911,3.0799999237060547,3.119999885559082,3.059999942779541,3.0999999046325684,381449700.0
2026-08-05,3.0157382488250732,3.0999999046325684,3.119999885559082,3.059999942779541,3.0999999046325684,346212600.0
2026-08-06,3.0741074085235596,3.1600000858306885,3.180000066757202,3.0999999046325684,3.0999999046325684,367463800.0
2026-08-07,3.0157382488250732,3.0999999046325684,3.1600000858306885,3.0999999046325684,3.140000104904175,201317800.0
2026-08-10,3.0157382488250732,3.0999999046325684,3.119999885559082,3.059999942779541,3.0999999046325684,248236900.0
2026-08-11,2.996281862258911,3.0799999237060547,3.119999885559082,3.0399999618530273,3.0799999237060547,304819800.0
2026-08-12,2.996281862258911,3.0799999237060547,3.0799999237060547,3.0799999237060547,3.0799999237060547,0.0
2026-08-13,2.976825475692749,3.059999942779541,3.0799999237060547,3.0,3.0799999237060547,512511200.0
2026-08-14,2.8989999294281006,2.9800000190734863,3.059999942779541,2.940000057220459,3.0399999618530273,820985700.0
2026-08-17,2.8795435428619385,2.9600000381469727,3.0,2.940000057220459,3.0,446437500.0
2026-08-18,2.8211746215820312,2.9000000953674316,2.9800000190734863,2.859999895095825,2.9600000381469727,859996800.0
2026-08-19,2.7238926887512207,2.799999952316284,2.8399999141693115,2.740000009536743,2.799999952316284,1358070204.0
2026-08-20,2.762805223464966,2.8399999141693115,2.9000000953674316,2.799999952316284,2.819999933242798,2062079500.0
2026-08-21,2.8406310081481934,2.9200000762939453,2.940000057220459,2.859999895095825,2.9000000953674316,1177848100.0
2026-08-24,2.8211746215820312,2.9000000953674316,2.9200000762939453,2.8399999141693115,2.9000000953674316,1346808200.0
2026-08-25,2.8211746215820312,2.9000000953674316,2.9000000953674316,2.8399999141693115,2.880000114440918,1218520800.0
2026-08-26,2.8406310081481934,2.9200000762939453,2.9600000381469727,2.9000000953674316,2.9200000762939453,919488500.0
2026-08-27,2.8211746215820312,2.9000000953674316,2.940000057220459,2.9000000953674316,2.9200000762939453,830299400.0
2026-08-28,2.8406310081481934,2.9200000762939453,2.9600000381469727,2.880000114440918,2.9000000953674316,596548100.0
2026-08-31,2.8989999294281006,2.9800000190734863,3.0,2.9200000762939453,2.940000057220459,1266973600.0
2026-09-01,2.8600873947143555,2.940000057220459,3.0,2.940000057220459,3.0,630059400.0
2026-09-02,2.9184563159942627,3.0,3.0,2.940000057220459,2.9600000381469727,535772500.0
2026-09-03,2.8989999294281006,2.9800000190734863,3.0199999809265137,2.9600000381469727,3.0,461301400.0
2026-09-04,2.8989999294281006,2.9800000190734863,3.0199999809265137,2.940000057220459,2.9800000190734863,601806400.0
2026-09-07,2.9200000762939453,2.9200000762939453,2.9600000381469727,2.9000000953674316,2.9200000762939453,443461200.0
